1506117914.494931 -43.22074082489372 6.2053319257735176 8.932008810976122 -0.1532029059222922 -0.7650681619553826 0.02249731729706523 0.6250547559163222
1506117914.544887 -43.39555088895172 6.216946983793827 8.864956660910666 -0.15330889875004128 -0.7708268342080883 0.023559695736506275 0.6178732183592273
1506117914.644735 -43.736977375774444 6.237546018122056 8.718164677079967 -0.15405588554812302 -0.7815075167361012 0.0259435895803664 0.6040196317775123
1506117914.744671 -44.07291930676758 6.255904511190677 8.558735693773912 -0.1533963497108329 -0.7921253154943945 0.028347316954431538 0.5900876833740754
1506117914.7946742 -44.238646395438934 6.264356053994338 8.475503449718076 -0.15310489222868434 -0.7976004390923301 0.029133994708072937 0.5827037342318262
1506117914.8446412 -44.40179955839663 6.272475183708777 8.391856395038717 -0.15240747841490793 -0.802970771946128 0.030547454533495343 0.5753926945530095
1506117914.894637 -44.56096089477237 6.279818186070259 8.30578119247587 -0.15131710868525713 -0.8081437298480553 0.031343474319174745 0.5683523828963954
1506117914.944637 -44.71672906207421 6.286489810699754 8.217666028412355 -0.15019474314138065 -0.8133964759855381 0.03136966918545178 0.5611093082833302
1506117914.994666 -44.87062061735465 6.292639784948443 8.127300093195437 -0.14981360826052997 -0.8183509449535793 0.03282895075829444 0.5538771286717424
1506117915.0446992 -45.0221327726437 6.298150686834292 8.034201446297793 -0.1492118523941042 -0.8233174040378257 0.033369232693073146 0.5465992770055697
1506117915.1446002 -45.32164664075052 6.307440671398673 7.838227885052657 -0.14938758695059823 -0.8326439943839574 0.034877310584563906 0.5321380466455989
1506117915.1946342 -45.47150043972471 6.311446869163 7.735078936416113 -0.14854582406070332 -0.8374501393841776 0.035118418260869276 0.524764803410445
1506117915.2447052 -45.61944122778234 6.314851078689307 7.629173988874101 -0.1489825419656095 -0.8418821640207801 0.03715663821642644 0.5173567515067409
1506117915.294662 -45.76683600907285 6.317565158446133 7.518776222171395 -0.14961516247447768 -0.8464835514127725 0.037089302734233415 0.5096128765720547
1506117915.3447342 -45.91275215117592 6.319794778155111 7.4057203825912685 -0.1492382969558603 -0.8511144893111056 0.0370754152002166 0.5019536536316298
1506117915.444683 -46.19728677494579 6.322352367247556 7.17225187944401 -0.150636403621707 -0.8597952843296659 0.036280049907046606 0.4865639741361141
1506117915.544779 -46.47876783850306 6.323599293034135 6.931152611370008 -0.15143574135355212 -0.8680668182259486 0.0369359358986096 0.4713416510081314
1506117915.5947802 -46.6196918041698 6.323975351554093 6.808625063563278 -0.15219295499302765 -0.8721430639160175 0.03738794765598975 0.46347159770987517
1506117915.6948411 -46.8972014338532 6.322889417733039 6.552620937317502 -0.15071446148163015 -0.8801860630166258 0.038278889380715164 0.44843324163065124
1506117915.794866 -47.16457197027272 6.319093741151903 6.28458817889927 -0.14896362854724743 -0.8878478411587168 0.041208147599376715 0.4334027421363086
1506117915.8449502 -47.29206349726079 6.315984372610506 6.146689473933547 -0.1473943828186653 -0.8918482115144527 0.042426001133848756 0.42553695251971607
1506117915.9449341 -47.53309008204422 6.307038223408389 5.863057742405173 -0.14545437222281066 -0.8993273969095975 0.04305339669929498 0.410121523211999
1506117916.045083 -47.754894824070824 6.295442435532927 5.576218540297408 -0.143998718189426 -0.9061793989853936 0.04504931466013656 0.395061799295915
1506117916.1450381 -47.95843621409172 6.281696748377017 5.28915154769621 -0.14162224987093022 -0.913133559574511 0.046088099481233866 0.37948139322829333
1506117916.2451131 -48.14229656070825 6.2653188045731705 4.999821045099601 -0.14075792646438698 -0.919523688357827 0.04754120648244306 0.3638725413829105
1506117916.345164 -48.31369877603035 6.246885443171321 4.705806339022342 -0.13931217817140926 -0.9257631664397177 0.04861909429151858 0.3481247769793438
1506117916.445229 -48.48113781375321 6.2275218539675885 4.408353650404992 -0.1377619949591486 -0.9319082284537955 0.048826256067344545 0.3319407826758121
1506117916.5453072 -48.6485573592438 6.207940384363955 4.1092477315853415 -0.13639343725023825 -0.9376170341026159 0.04935188157174307 0.31596759235878924
1506117916.64536 -48.813721972081176 6.187871871291554 3.8085190901157215 -0.13577716058186898 -0.9429247672046772 0.05040378225516538 0.2998614760030124
1506117916.745461 -48.970123375429075 6.166159620989575 3.5028134592550204 -0.13527353727544789 -0.9478449874851206 0.05273853702322437 0.2837421303313386
1506117916.8455641 -49.11613055011746 6.142271408026356 3.190082549110387 -0.134489537950719 -0.9525846002453718 0.052953559549068385 0.26775187037302106
1506117916.945636 -49.25107487724295 6.116272978241022 2.8708481292653363 -0.13308224173950325 -0.9570040399105177 0.05363316426534385 0.25210289212824116
1506117917.045804 -49.37612188293035 6.088081814095617 2.543570851842036 -0.13129042699660157 -0.9611737392163968 0.054420177220224374 0.23652972568186345
1506117917.1458292 -49.4901899711068 6.05718878180599 2.205269418592994 -0.12838197726792772 -0.965230911917921 0.054794970235639825 0.221008746043569
1506117917.2459052 -49.592235142577294 6.023742802207847 1.858247035049747 -0.12627063415396367 -0.9688337986562086 0.055698166432513525 0.20570491435013205
1506117917.34605 -49.68149944012738 5.9882291957670555 1.507005407057338 -0.12440873587197812 -0.9721648734276545 0.056002586422382275 0.19047738875292372
1506117917.4461062 -49.75429293513394 5.949639390769934 1.146982019694828 -0.12299243652187003 -0.97510894657277 0.056545696214736 0.17560748022721048
1506117917.546164 -49.81090862164259 5.908469021008502 0.7816210841377922 -0.12163398990116403 -0.9777266927181725 0.05728677868532977 0.1611642386975537
1506117917.646289 -49.854226174203454 5.865889173879128 0.41769445089463453 -0.12069149059088596 -0.9804528870959356 0.05702498586212689 0.1445470555619013
1506117917.746314 -49.89274046059241 5.822916621245206 0.0549293348031199 -0.11919376790769175 -0.9825583902087136 0.05660191889842185 0.13102701362490024
1506117917.846362 -49.932187518850384 5.779966570947944 -0.3088290566243561 -0.11718917963510711 -0.9843937054044057 0.05714127526088826 0.11819730791436334
1506117917.8964322 -49.9539989770361 5.758451931615088 -0.4924590474177748 -0.11736474294465113 -0.9854195690351963 0.05686977345331503 0.10926856338126745
1506117917.996452 -49.992306251260366 5.714307142354588 -0.8641468589411998 -0.11584815987804448 -0.9868200127884008 0.057017546590063396 0.09754212215254579
1506117918.096569 -50.023747867450425 5.66887418925044 -1.23929199772628 -0.115282153145476 -0.9879540961156948 0.05684840796652606 0.08616836801301826
1506117918.196686 -50.04781774138386 5.622085192955682 -1.6183904543510392 -0.11417415088982943 -0.9891486965028324 0.05702437774923647 0.07278282639265998
1506117918.2967782 -50.06781232640856 5.573743010604354 -2.0057843560061634 -0.1135067762397011 -0.9898763004626927 0.057584723761919296 0.06281019916596753
1506117918.396826 -50.080511777891836 5.523315996402801 -2.4023714233909574 -0.1125249454791303 -0.9905802849212729 0.05690393666836315 0.053392675171016875
1506117918.446795 -50.082400351517684 5.497234403209251 -2.603791198324622 -0.11163077505205285 -0.9908239854250461 0.058095723333066916 0.04930808146916874
1506117918.496866 -50.08554305382159 5.471005473854623 -2.8068433858912636 -0.1106924298341526 -0.9913088933744234 0.05697546468270314 0.0425165887426782
1506117918.546848 -50.0866909323134 5.4445752997958285 -3.0099619319974167 -0.11001555117647846 -0.9915341113300111 0.05710587450515353 0.03867303537574821
1506117918.59691 -50.08401749768421 5.417195395119599 -3.2172773037484337 -0.10900190353248268 -0.9917090918926571 0.058332349277174296 0.03505708361605823
1506117918.6469522 -50.077930925543285 5.388986369306176 -3.4273867111846226 -0.10731522914018816 -0.9920902446578174 0.05707126157512213 0.03135696337006758
1506117918.697133 -50.069058813315536 5.36016426025644 -3.6398728150441553 -0.10670806356822994 -0.992301329140135 0.05746487458983003 0.025480375669528932
1506117918.7469852 -50.058217850622356 5.331457734885233 -3.8503761117483144 -0.10422387338381328 -0.9925626995317627 0.05884590788540617 0.022222305021866583
1506117918.797028 -50.045091800302245 5.302075385518866 -4.063128884127293 -0.10525854175296814 -0.9924883978298671 0.05943602770965537 0.018835556044185492
1506117918.84709 -50.02876036820887 5.27216541117573 -4.277153222858519 -0.10599053420155866 -0.9924239832428002 0.06014925643410186 0.015579187902408994
1506117918.8970952 -50.00955240496077 5.24193641653918 -4.491261434251427 -0.10557142990685933 -0.9924638524229387 0.0607601070939484 0.013356055116475004
1506117918.94719 -49.98942368717198 5.211487551780559 -4.705962640042806 -0.10576038985338833 -0.9924698986710806 0.060784914416044514 0.011110101203072485
1506117918.997185 -49.9718633251139 5.181422205037092 -4.9196368001003705 -0.10713711229351096 -0.9923926835362008 0.06032943375099895 0.006225773736527133
1506117919.047245 -49.95683007597726 5.151870924490467 -5.132205675775944 -0.10635712530981595 -0.992484905607475 0.06034053558176234 0.004570975010644846
1506117919.0972352 -49.94414452611772 5.122540430222789 -5.345159892029129 -0.10614265498613415 -0.9924937120584139 0.060666423249950925 0.003090863289115298
1506117919.1472752 -49.9323105717004 5.093223213030612 -5.558486719864771 -0.1058974000547432 -0.9925710640610284 0.059883160289669446 0.0015590194783509567
1506117919.1972952 -49.921158074486456 5.064049628659286 -5.771582832329964 -0.10496010794995683 -0.9926886264181887 0.059604504483189186 5.218475686104291e-05
1506117919.247354 -49.91355022548523 5.035126328996477 -5.985963173916563 0.1044660639236705 0.9927145394082143 -0.05992210766395364 0.0037450974295599724
1506117919.2973812 -49.90580990269382 5.006032622452988 -6.201476817135401 0.10349173737253016 0.9928355268468897 -0.0595382272785221 0.004719789126716127
1506117919.347423 -49.89870201985121 4.976770619762765 -6.418817876599727 0.10337933060369112 0.9928354780402702 -0.059665790913010455 0.005515517990973545
1506117919.397545 -49.888843937352775 4.947101395538473 -6.63695350483383 0.10154437184568309 0.9930498702102784 -0.05911362147113246 0.00680261549010743
1506117919.4475331 -49.876944364379 4.916950354649607 -6.856268765062749 0.10383741623164056 0.9928199220773104 -0.05885795895096138 0.007882511201426006
1506117919.4975822 -49.86195950379547 4.886133811141705 -7.078206320000975 0.10334156424911507 0.9929286406143589 -0.05772545000190157 0.009000453770945662
1506117919.5476491 -49.84525453791515 4.8549639270891465 -7.301451108688642 0.10361151646464697 0.9928985856325022 -0.057643252374157905 0.009711218295522215
1506117919.5977151 -49.82846841538717 4.8234495917065425 -7.527200062785608 0.10437368760622631 0.9927724470651433 -0.0578339889992618 0.012815279938186172
1506117919.6477501 -49.80928325753883 4.791671574729983 -7.753081675331147 0.10352055461895554 0.9928660696132422 -0.05770512448657951 0.013060673422736287
1506117919.6977901 -49.78924041911708 4.7595296677191445 -7.980822134663558 0.10443537111131349 0.9927363968446437 -0.05820647388090525 0.013405448155667963
1506117919.747862 -49.76954895640438 4.727107703058919 -8.211070425006174 0.10422402806447421 0.9927560636318545 -0.05814114993381997 0.013869274728857756
1506117919.79792 -49.75083662938146 4.694770784897514 -8.441474953080222 0.10450014745148703 0.9927194373985707 -0.058158510037491146 0.014332672579278437
1506117919.8479972 -49.732418190821456 4.662170252480476 -8.674211087580915 0.10474640227855715 0.9926774146785075 -0.058355654677706065 0.014641009647517888
1506117919.8980582 -49.71464303231519 4.6295732467618045 -8.907246104404477 0.10495984070414949 0.9926960855481389 -0.05758110536725885 0.014910730398009539
1506117919.9481132 -49.69808853906481 4.597137675850109 -9.13999358903961 0.10607635562683548 0.992617628790305 -0.056867721670363254 0.014970371518022647
1506117919.9982512 -49.68158085378604 4.564749770483999 -9.372724019458449 0.10585395478050462 0.9926635041194933 -0.05641649756214803 0.015208111289483016
1506117920.048335 -49.66716913406235 4.532665848664366 -9.604846731443368 0.1067655727273543 0.9925758154711988 -0.056158666956207436 0.015510227219302017
1506117920.098319 -49.65459489048391 4.500909736815177 -9.836161644720105 0.10728580656103878 0.992534392129171 -0.05585264659790294 0.01567539537028213
1506117920.14841 -49.64349651114888 4.4693924788517 -10.06715596697212 0.10704095875653653 0.9925644650094784 -0.05575253731920221 0.01580096615401388
1506117920.1984582 -49.635106728175444 4.43832174956486 -10.296991920390791 0.10725279997223866 0.9925127750336753 -0.055486248751380286 0.018344058788804393
1506117920.2484841 -49.627620191648454 4.40739507825959 -10.526740501955151 0.10643626255298307 0.9926259029518713 -0.05515623838075815 0.017970202269346387
1506117920.2985902 -49.61946970083909 4.376578880403759 -10.754887904975805 0.10704255301891813 0.992564767826485 -0.055165417573559736 0.017715818254257634
1506117920.3486521 -49.61179936035096 4.345864848867862 -10.982727714930462 0.10705192982870954 0.9925794278972883 -0.05494534004405417 0.01752065191387
1506117920.3986912 -49.60309576475493 4.315129300886543 -11.209921786474641 0.1068246287138051 0.9926031131271617 -0.05499650989774686 0.017405240834524854
1506117920.4488091 -49.59218631995746 4.284166490461053 -11.436848666431334 0.10732223934042799 0.9925308098038265 -0.05539089778492249 0.017215602698961243
1506117920.498873 -49.57948680914583 4.252752558276995 -11.665689431292332 0.10698920727222903 0.9925658610713562 -0.055458125042862474 0.017050434877905033
1506117920.5489452 -49.565479161950456 4.220778147781167 -11.897613644429807 0.10710097586129444 0.9925426289348425 -0.055698497045127755 0.016917096170261502
1506117920.599056 -49.54997739028935 4.1884697857694215 -12.130795707965213 0.1073150894351881 0.9924957454817244 -0.0561531881071328 0.016807327143731624
1506117920.64912 -49.53316684817948 4.155924207037116 -12.36468523812302 0.10717324062183535 0.9924867053239086 -0.05660236547888317 0.016739428659736058
1506117920.699229 -49.51612764406582 4.1231369370398205 -12.600006907741584 0.10781572567839078 0.9924074580994645 -0.05677404200736123 0.01673064728075439
1506117920.749314 -49.50041880925594 4.090628566606276 -12.834499693274061 0.10837630008159975 0.992315075231307 -0.05733460032605655 0.016676709945795412
1506117920.7993932 -49.483939087255735 4.05814076145793 -13.068374144758184 0.107831855912121 0.9923364784410079 -0.0580135983056117 0.016583932515386205
1506117920.8495262 -49.46796086776724 4.025624815289895 -13.30262040559662 0.10745474365171781 0.9923948128766876 -0.05770173854362952 0.016628975043975102
1506117920.8996272 -49.45008561991696 3.993062925185338 -13.535517728208696 0.10791194629843706 0.9923402302674744 -0.05789295848182475 0.016256832312945797
1506117920.949691 -49.4339264200777 3.960791923480283 -13.76767840146945 0.10807931840482236 0.9923423536268089 -0.057711707772456544 0.01564841580667011
1506117920.9998221 -49.41858662202632 3.928700724381981 -13.999208525606221 0.10752872470174583 0.9924494883500009 -0.05708860787578797 0.014915672584499605
1506117921.0498822 -49.40525133220723 3.8970266337626622 -14.22907852502928 0.10847792063625875 0.992397155358796 -0.05646669061872704 0.01385422755062654
1506117921.099934 -49.393310031393774 3.865562445517523 -14.458637763641725 0.10768814792000515 0.9925806476443784 -0.054876390348825514 0.013247735693726606
1506117921.1501062 -49.38313469952926 3.834440143648135 -14.687165145706924 0.10809186247786338 0.992588591837893 -0.05411483522534717 0.012474823759068231
1506117921.2001421 -49.37320031300477 3.8033873133201768 -14.915193671976272 0.10878654193684072 0.99259024791219 -0.05283866674722572 0.01175429013284075
1506117921.2502432 -49.364629407058814 3.7725115075033147 -15.143120588854092 0.10964315787820372 0.9925562762785547 -0.051817248957951235 0.0111977257607833
1506117921.300287 -49.35643935233879 3.7417035994959376 -15.370866230239535 0.1115231529498122 0.9923736192401154 -0.0514721909675139 0.010382665764532258
1506117921.3503752 -49.348697288710596 3.7108330309550603 -15.599523350380256 0.11214223413110767 0.9923688683445704 -0.050378657055910374 0.009494176057886187
1506117921.4004722 -49.34245720126919 3.6799466214058634 -15.829303266998398 0.1147318592449879 0.9921324158270987 -0.04930155903917913 0.008900910959499886
1506117921.4505951 -49.336850070844 3.649016580813294 -16.060336657237773 0.1147128936933076 0.9922092501550005 -0.04785436460984521 0.008468513135972156
1506117921.5006251 -49.332383961407196 3.6182011020374585 -16.29179760054969 0.11580379266744921 0.9920673746750103 -0.048295622855270275 0.0077031506022199195
1506117921.5506952 -49.32972472419835 3.587211949984266 -16.525563399014732 0.11859694596949642 0.991792143600187 -0.04732076125739983 0.006622224681554501
1506117921.60079 -49.32918015323884 3.5563530759033872 -16.76090314052865 0.11672541198574965 0.9920814719262014 -0.04596113634122402 0.006091404037027754
1506117921.6507902 -49.32944603411097 3.525394040024999 -16.997522557226997 0.11925887661845083 0.9917514360398887 -0.04672349517336112 0.0048295409069667745
1506117921.700911 -49.32986873769843 3.4943448428084207 -17.234495912865867 0.11963679029249709 0.9918303829469918 -0.04409043885730545 0.0039450066239731536
1506117921.7510262 -49.328795779205244 3.463261944251272 -17.470856592997272 0.11957109868950298 0.9918859200601365 -0.04305228041084561 0.003402218916805555
1506117921.801073 -49.32581821587122 3.432137037558117 -17.706022623488536 0.12059919937380614 0.9917448507559883 -0.04349509566097169 0.002482088240926401
1506117921.851089 -49.321611334407265 3.400794629678101 -17.941293808670093 0.12058050445490096 0.9918412211119384 -0.041322649241421726 0.001942342925471046
1506117921.901253 -49.31799738934945 3.3694194386085194 -18.177209065452917 0.12317402852009567 0.9915629399913078 -0.040365942752916655 0.0012982136917808007
1506117921.951308 -49.31384714388747 3.338151631837929 -18.4123544422367 0.12320618647618632 0.991580153443344 -0.03985588384267412 0.0007374017168741313
1506117922.0014331 -49.308563140033684 3.3069519886354763 -18.64551932107895 0.1259357760832975 0.9912598890876338 -0.03929384771690023 9.825690073675751e-05
1506117922.051471 -49.30401321756758 3.2761006517650295 -18.876720464485295 -0.12778943223620776 -0.9910613910778011 0.0383012982467406 0.00043666315179291244
1506117922.1015081 -49.300485358498236 3.245488974930621 -19.10716521939692 -0.12890579510744438 -0.990947245294304 0.03749650142268421 0.0009303914938602764
1506117922.1515841 -49.29910225813065 3.2150781537985127 -19.33754326332587 -0.13268000347514325 -0.990483718579582 0.036547409977690286 0.001518824055982837
1506117922.201764 -49.30074802726141 3.1849808522106753 -19.56810276985049 -0.13534353128998466 -0.9902033333101667 0.03428181753213613 0.0020601621087535703
1506117922.2517612 -49.30478541690335 3.1553309574145043 -19.797981788201575 -0.1366599130752272 -0.9900404126480282 0.03374944062664315 0.0022416009584245735
1506117922.3018942 -49.311076894006575 3.125739546390335 -20.02895943195237 -0.13966853305364027 -0.9896688028545635 0.03225037480097339 0.00287659996240768
1506117922.351843 -49.32039279116412 3.0963411603362796 -20.261234742072507 -0.14051240895142886 -0.9896286568554756 0.02966072538862289 0.003409667632523965
1506117922.4019382 -49.33063935735294 3.0667589793230143 -20.49630925489331 -0.13991317844282186 -0.9897412627229311 0.028618157039743734 0.004187655867238279
1506117922.451988 -49.34124092388147 3.0371340619626825 -20.731837584995322 -0.13963144397121874 -0.9898248415626963 0.026919796480776186 0.005016715759297888
1506117922.5020251 -49.352657474416866 3.0071771496796194 -20.970587767062607 -0.1380770525365104 -0.9901103187383178 0.024154567917180216 0.005730718470067279
1506117922.5520601 -49.36434136042985 2.9768721100893942 -21.21246618896231 -0.13756942835646757 -0.9901996701506403 0.023106903902239004 0.0067332461635441695
1506117922.602112 -49.37514818096986 2.946226247324908 -21.455866382418286 -0.13816753161846798 -0.9901494726748348 0.02143633774022755 0.007364672013017164
1506117922.6521251 -49.38218084087419 2.914880087966883 -21.701335573869535 -0.13781907074751476 -0.9902342416869211 0.01946516537973628 0.007947180064157794
1506117922.7021852 -49.38408863648176 2.882723803699084 -21.948338870220617 -0.13987903666764526 -0.9899526695200115 0.018735843342398088 0.008748450426898514
1506117922.752206 -49.38215299731575 2.8500075341213864 -22.196101266725886 -0.14112704821982855 -0.9898041475050416 0.016988763899101415 0.009071259359132786
1506117922.802247 -49.37832637638237 2.817007322275487 -22.44452696429577 -0.14303518555951691 -0.9895337370993524 0.016530280840080472 0.009522008600748285
1506117922.8523731 -49.37528014630069 2.784173053464217 -22.69241309860514 -0.14483708622082442 -0.9892727770252344 0.016135031642765328 0.01006239780333238
1506117922.902333 -49.37538629139139 2.7519046150559974 -22.93881524407602 -0.14678698445768615 -0.9889839993610712 0.015979861650293397 0.010434281185675586
1506117922.952387 -49.37712899315974 2.719983535087455 -23.18444937320413 -0.14637994592675344 -0.9890321639063056 0.01627351161845325 0.011111391042474035
1506117923.002412 -49.380084635497724 2.688507556918203 -23.427682126944564 -0.14610496094600978 -0.9890636648595661 0.016259835315168 0.011917424063883731
1506117923.052432 -49.38439500143033 2.6571283121086027 -23.67155428618212 -0.14530845438634493 -0.9891633460000763 0.01671287731850229 0.012728226386235131
1506117923.102528 -49.39011910746618 2.6259143154135973 -23.915263907983597 -0.14484749560611188 -0.9892211636672006 0.01662084181171154 0.013580868397497284
1506117923.1525402 -49.39609869613757 2.5949170124302934 -24.157512247299113 -0.14397271453460722 -0.9893457692994707 0.016078124159904263 0.01443260761524837
1506117923.202573 -49.400741458046646 2.563860566186693 -24.399276559362022 -0.14303220682390702 -0.9894550243209871 0.01670274318562344 0.015542233679059218
1506117923.252619 -49.40441453945784 2.532772655051165 -24.640028248639762 -0.14334272347963567 -0.9893999207956372 0.01633277677208269 0.016549947381462298
1506117923.302642 -49.406332022943886 2.501571624406182 -24.880212060747905 -0.1430372635499352 -0.9894304819220128 0.016168952089291474 0.017499361958039503
1506117923.352658 -49.40821941439612 2.470188006067302 -25.121855500062818 -0.14329471630264023 -0.9893619151051347 0.016837255923977647 0.01860462393141982
1506117923.4027312 -49.41068296761181 2.438474182392554 -25.366528311170097 -0.14272469379070052 -0.9894329515531423 0.0169087818797163 0.01913607216748718
1506117923.4527202 -49.4136073182979 2.4065177715341908 -25.613158838517695 -0.14441384854875913 -0.9891766342525229 0.01710857742638246 0.019532618214090105
1506117923.5027182 -49.41728006431067 2.3744868675899338 -25.86123127191343 -0.14364055605705944 -0.9892488674277177 0.016446423735330336 0.021990545587895594
1506117923.5527601 -49.4234996297649 2.342561340570986 -26.11043842192069 -0.14512093015343908 -0.9890455516962203 0.01592383373334527 0.021800087616953054
1506117923.602775 -49.431448556367016 2.310835246370531 -26.359962891781922 -0.14612293139730034 -0.9888825659518818 0.016489813084709093 0.022078173410041414
1506117923.6527622 -49.44062150107513 2.2791917084380295 -26.60989713131539 -0.14480753812708488 -0.9890928728822842 0.015172213918763854 0.02226813059090706
1506117923.702773 -49.451533132265624 2.2476377455345165 -26.860665227760645 -0.14433348258577156 -0.9891648863620669 0.014276005288196923 0.02273475459414468
1506117923.752788 -49.46294469199518 2.2164423200060615 -27.11065460712229 -0.13717328494044267 -0.9901447246267396 0.015830239437624776 0.023373440308078388
1506117923.802782 -49.47582224714493 2.1850258391043575 -27.361996008088756 -0.1374607698658592 -0.9901032732195885 0.014848099865704395 0.02407444782718189
1506117923.852791 -49.48807550473588 2.153524914276511 -27.6141045093832 -0.13566533128936065 -0.9903271032246803 0.015604470057810403 0.024569229106083047
1506117923.902785 -49.4982208048262 2.1217630876122806 -27.866913555710962 -0.13409205062860557 -0.9904580775401154 0.0193209654625153 0.02527486671379462
1506117923.952778 -49.50583226061125 2.0893346008721507 -28.121501582943328 -0.136301077810059 -0.9901147319026801 0.020820848828851293 0.025716261610907707
1506117924.0027971 -49.51003461820967 2.0564794636838526 -28.376390154443104 -0.13729849835034924 -0.9899569751175641 0.02179269973052715 0.025678551463536516
1506117924.052822 -49.51351379099638 2.023578278501629 -28.63157099431137 -0.13954519448901057 -0.9895247087809983 0.026359001990365158 0.025945951917979677
1506117924.1028302 -49.51684273721976 1.99059906406405 -28.88663483885816 -0.1423277237883633 -0.9890748021241744 0.028559302542384778 0.025655819663306628
1506117924.152848 -49.520573072976305 1.9578801977373068 -29.140071408199187 -0.14364467724187796 -0.9888584802797413 0.029733661052484827 0.025318413833173493
1506117924.202857 -49.5254750381496 1.9256556848178898 -29.39139268890823 -0.14411344780710308 -0.9886753940192318 0.03307023138629114 0.025663967312987822
1506117924.2529101 -49.53293716157724 1.893982246087015 -29.64053369266554 -0.14295995451287122 -0.9887935932295018 0.03418138160858395 0.026102002699918952
1506117924.3029082 -49.543424704177234 1.862945570920004 -29.88754357360453 -0.13981291524283257 -0.9892371576737423 0.03411081058011688 0.026431935435729807
1506117924.352952 -49.55444016784109 1.8323887920995077 -30.131719469929646 -0.13630376674410227 -0.9896785040682701 0.03534281714027632 0.026620049451491174
1506117924.4029212 -49.565614727793495 1.8020351760175215 -30.373361863130572 -0.13648557366806047 -0.9896975166207738 0.034177515470018856 0.02650304155658613
1506117924.452959 -49.57564292226743 1.7716802237150278 -30.61389406058191 -0.13385959902264064 -0.9901951301638449 0.030602120643989938 0.02566558321034898
1506117924.503009 -49.583911092732144 1.7413868156389705 -30.852815926443274 -0.13560155363024928 -0.9899118611545931 0.032004806729033636 0.025737485209348293
1506117924.55301 -49.59095166741012 1.7107495932867052 -31.092847614836682 -0.13551165461712913 -0.9899912416813381 0.03022044697928315 0.025311211782450563
1506117924.603032 -49.59683335619889 1.6797489879558993 -31.33412900350095 -0.13852413389670618 -0.9896423540843626 0.028385323873177368 0.024765878134032988
1506117924.653078 -49.600820092847755 1.6485933435697504 -31.57562537168538 -0.14093395858659388 -0.9892881088921469 0.029346257575319456 0.024196158547607222
1506117924.703082 -49.60286270074715 1.617051194722365 -31.818298039377108 -0.14167065657115538 -0.9892160803801298 0.028945322323993793 0.023305357749621107
1506117924.753148 -49.60590393954933 1.5852736211373388 -32.0633703924786 -0.14381750476918168 -0.9889435188526335 0.02816462495890118 0.022671474203167816
1506117924.8031702 -49.610539497367014 1.5534431605829435 -32.310670173673 -0.14392858272005574 -0.9889494552836475 0.027825794152222538 0.022119293621085494
1506117924.853207 -49.615758938698576 1.521537420383505 -32.55914974053945 -0.14408072307248346 -0.9889357293555424 0.027894059048288077 0.02165155681654793
1506117924.903151 -49.62421278960997 1.4900423320336367 -32.80717965514947 -0.1449255006727174 -0.9888313154786861 0.027538229992882225 0.02123380965309216
1506117924.9532762 -49.63290477561505 1.4585072409203987 -33.055650896282515 -0.14404127134706124 -0.9890261055036378 0.02568011225701597 0.02049406292895659
1506117925.003236 -49.6431443303492 1.427250479635777 -33.30371615972997 -0.1440880909127596 -0.9890203308680728 0.026006190996579238 0.020027112041101743
1506117925.0532782 -49.654803278109924 1.3961432009617099 -33.5516612966716 -0.14356084257606322 -0.989140354197649 0.024833311254678303 0.019363647106400185
1506117925.1032941 -49.66738062658172 1.3653947974710139 -33.797347734306214 -0.14470527950227524 -0.9890271791138482 0.023240074051820943 0.01858816873456725
1506117925.1533072 -49.67781832262732 1.3347753020392323 -34.040702263745914 -0.14514169022601392 -0.9889609011342082 0.02375631193837585 0.01805168771752876
1506117925.2033532 -49.686482419763294 1.3041362018457665 -34.28232683375559 -0.1455517395235184 -0.9889351480841652 0.02286950094355393 0.01729016864009104
1506117925.253364 -49.69251780725171 1.2735604134827976 -34.52099079939471 -0.14664688524632943 -0.9888106557275234 0.021808866854766785 0.016509133653380963
1506117925.303517 -49.697586452978065 1.2431431960270658 -34.75775921136231 -0.1476628047394774 -0.9886775489226439 0.021516399345970733 0.015793825124368638
1506117925.353533 -49.70077744148285 1.2130861170168812 -34.9903640376596 -0.14730445118968744 -0.9887423851864936 0.021544056101645465 0.015024914058160884
1506117925.403543 -49.70374920765819 1.1831687804104045 -35.22151153850807 -0.14843215218077493 -0.988582538812259 0.02163921784927375 0.014290010675339854
1506117925.453568 -49.70734917395107 1.1536312955539045 -35.45033204642412 -0.14831664027620642 -0.9886248816033874 0.0209926681706283 0.01350279880433154
1506117925.5036142 -49.71057738331691 1.1242986075814296 -35.67747554661413 -0.1484281882837355 -0.9886060005630515 0.02152202353026199 0.012808242526301103
1506117925.553683 -49.712779829438325 1.0949044142426312 -35.90391964556609 -0.14918637675157584 -0.9885068063636318 0.021274953012012786 0.012045544315489959
1506117925.603774 -49.71568519658818 1.0656735282783873 -36.12982142406358 -0.14892289667712647 -0.9885694733331774 0.020744592080597847 0.011046680092383512
1506117925.653808 -49.71813167909569 1.0366394779677914 -36.353769803575474 -0.15035039827172664 -0.9883543366149523 0.021105999520538325 0.010246941924973961
1506117925.7038321 -49.71805989798216 1.0074090915691467 -36.57676741932519 -0.15075890318562352 -0.988325357173735 0.0198308518027701 0.009564454797038479
1506117925.7539241 -49.717908355769026 0.9783848830448854 -36.79829106637878 -0.15121133145222015 -0.9882688077970065 0.019383394503850036 0.009175009126070284
1506117925.803914 -49.71683281547837 0.9492469302996698 -37.020138285974525 -0.15044584540730618 -0.9883868049376674 0.019470242367851553 0.008858955197200162
1506117925.8539412 -49.71692531293322 0.9201233699723474 -37.24243957493776 -0.15013564948808816 -0.9884757797588009 0.017599980297480573 0.008072191588895649
1506117925.9039812 -49.718670640867046 0.8911453648490322 -37.465063588987164 -0.15152541581038836 -0.988284883168039 0.01661985993057615 0.007537792801175717
1506117925.954049 -49.7204663635994 0.8623948535062463 -37.68666492187687 -0.14970518867054808 -0.988564153430303 0.01679149304446719 0.006878721153236958
1506117926.004012 -49.72187968236641 0.833586502490776 -37.907781908339956 -0.15059269955817178 -0.9884463785253611 0.015888072863517358 0.0065699894871894815
1506117926.054121 -49.722479089848484 0.8045677751958362 -38.12964325514639 -0.15244413369048448 -0.9881786724395709 0.014919554723299899 0.006411265436821676
1506117926.1041172 -49.72431729450861 0.7755862723431116 -38.352595963407424 -0.1534854192743028 -0.9880209817944423 0.014731131790943998 0.0063055027154168795
1506117926.154181 -49.72476575846483 0.7462450300012259 -38.57711969498115 -0.15504429037803547 -0.9877707601032323 0.01514658936112865 0.006385478177593724
1506117926.204113 -49.726838120469466 0.7171696777513755 -38.8010561437725 -0.155820390768202 -0.9876566502788352 0.015092030971233789 0.005155344408806041
1506117926.2541702 -49.7289193075816 0.6878303599551755 -39.026951549246505 -0.15751251475953976 -0.9873902153057786 0.015260000867801176 0.004183634389636369
1506117926.304188 -49.73046858278128 0.6584211513282291 -39.25319585278689 -0.15707526178453823 -0.9874589767806079 0.015518722554376654 0.003361634908835147
1506117926.354186 -49.73289719836342 0.6291220599220906 -39.47944009069282 -0.1567513022425414 -0.9875037724908602 0.01612956537759285 0.0022728265847199672
1506117926.404197 -49.733754227008916 0.5998876999359573 -39.70404165658837 -0.15523118766157518 -0.9877271792349759 0.017217050317436543 0.0013678720781432415
1506117926.4542081 -49.73354196367745 0.5706552169993989 -39.927449053340595 -0.15472024260524753 -0.9877974025809183 0.01782570617201514 0.0004281329212674195
1506117926.50422 -49.73163839423056 0.5411913820317732 -40.1511141966546 0.153022610493508 0.9880641502835255 -0.017694876673699848 0.0004552432358817492
1506117926.5542061 -49.727938184104985 0.5114900244720464 -40.374824965340466 0.15334914467870436 0.9880075665072788 -0.017992251258795205 0.0011692647858993653
1506117926.604217 -49.72173672096049 0.48150349733065134 -40.59841160721315 0.15330670718010753 0.9880182341601386 -0.017711229617177027 0.001826140915645384
1506117926.6543632 -49.71344774630965 0.4512584972821495 -40.821803441213305 0.15504936328266306 0.9877563530264267 -0.01703928872803079 0.002597039627029411
1506117926.704278 -49.70252093245498 0.4210111694792409 -41.042896660414556 0.15724777207420895 0.9874089654801208 -0.01678742991865701 0.003854251549169535
1506117926.7543302 -49.689883296598964 0.3907627438325299 -41.26243102235722 0.1588723969853782 0.987157253108745 -0.015966053307896477 0.005020383187751918
1506117926.804307 -49.6765275134963 0.3604982644330006 -41.48123077703974 0.1618742269134241 0.9866824462412368 -0.01484793533296185 0.00583298873978393
1506117926.854393 -49.66398036877871 0.3300596522293567 -41.70242460970435 0.1645423505302124 0.9862329708743235 -0.015128419513298123 0.006439950372228215
1506117926.9044092 -49.65302640667272 0.2994544688136103 -41.926336995706535 0.1644131851593059 0.9862664831287251 -0.013986672464096132 0.007148552006773121
1506117926.95443 -49.64626382542795 0.26921954158862516 -42.15136466276893 0.16411175222651153 0.9863151457055132 -0.013756579699226064 0.007779630376386344
1506117927.004388 -49.644874788779745 0.23961957272971252 -42.37680155213674 0.16329156835830702 0.9864216903084962 -0.015510580500126546 0.008217936797813068
1506117927.054471 -49.64738331849765 0.21019093419213186 -42.60449012783786 0.16085079283373918 0.9867972232555793 -0.01676833539077163 0.008779837323186448
1506117927.10445 -49.6503366611827 0.18081102666368754 -42.83200260943586 0.15956125848977207 0.9869902906703538 -0.017680478293306684 0.008818820627327124
1506117927.15449 -49.65202018248348 0.1514447726920829 -43.05832264729648 0.15693878803182842 0.9874026358406846 -0.018030817136070798 0.009007839790444417
1506117927.2044802 -49.65130783927191 0.12216402214059818 -43.282273060104956 0.1557521709453146 0.9875278161154467 -0.021121343485162185 0.0091631048152138
1506117927.2545152 -49.64644062425229 0.09245288425073028 -43.5056187524 0.15368151598949645 0.9878107661607144 -0.022784749222683438 0.009630010350455033
1506117927.3045402 -49.6366591669828 0.06259660824916291 -43.725081024854006 0.15385812928880593 0.9877755002360082 -0.02291330776014774 0.010110267634899387
1506117927.354486 -49.62393762459498 0.03260194759776225 -43.943091313923745 0.15449056589338897 0.9876440946596151 -0.02381495355063062 0.011164914733347495
1506117927.404539 -49.6071758699654 0.002360494828710813 -44.15968925966379 0.1547295171214297 0.9875727174581791 -0.02580706899167624 0.0096384362342726
1506117927.4545531 -49.588790042156575 -0.028174602038006036 -44.37618253503064 0.15760742877289108 0.9871181978624998 -0.025228620849443925 0.011003569241585399
1506117927.504503 -49.569233144068015 -0.05860742282849696 -44.59102195257279 0.15767138022116886 0.9871227330509658 -0.023868421175081467 0.012599373954059148
1506117927.554577 -49.55020345201351 -0.088843239039755 -44.80498048794776 0.15942823283459348 0.9868228635236197 -0.024105347429531892 0.013498400897453671
1506117927.604617 -49.53295414047517 -0.1188446030522301 -45.018713694074165 0.15871072044783285 0.9869532712936903 -0.02292278816577939 0.014446220275653142
1506117927.654597 -49.51828921746253 -0.14855020106030103 -45.232444981845575 0.15846674835377453 0.9870075087744332 -0.021780659730237236 0.015168063496882317
1506117927.704648 -49.506657736958054 -0.17809347928622454 -45.44799257230801 0.15588661807825344 0.9874235037529213 -0.020979872595681237 0.015938365226927147
1506117927.7546802 -49.49674229136809 -0.20734707151149545 -45.66303588618119 0.15314910551023284 0.9878483403932876 -0.020878482045596853 0.01628179506214467
1506117927.804748 -49.48729902495512 -0.23669313043521412 -45.878949593438904 0.151173711722279 0.9881655134701827 -0.01999682904030456 0.016599810258139207
1506117927.854789 -49.47672252279156 -0.2663179268417507 -46.09610827183231 0.14839037047773063 0.9885973114092149 -0.019191213549606224 0.0169514349361459
1506117927.904884 -49.46396096472359 -0.2964772023458292 -46.31542220508862 0.14675687218213307 0.9888429111271939 -0.019115842111461865 0.016932281646095493
1506117927.954955 -49.44911968549941 -0.32710318651151515 -46.53619418620703 0.14518564867305797 0.9890432225595185 -0.017983497053363152 0.019779412584279496
1506117928.0049162 -49.43227110481498 -0.35793946250678343 -46.75667349773549 0.14499279182424166 0.9890772752482629 -0.017089353809202568 0.020277768452528246
1506117928.054968 -49.41327351025892 -0.389327737724091 -46.97950405858292 0.1458803191817975 0.9889373019715273 -0.017078264059265963 0.020743146869579815
1506117928.1050591 -49.39282326310444 -0.4208773418471411 -47.2023510128293 0.14682121572074455 0.9887828018250272 -0.017456626073048293 0.02115106699735487
1506117928.155113 -49.37296296993006 -0.45219077992232715 -47.42353125245768 0.14883850212111563 0.9884860331265539 -0.016657125658808888 0.02156392276639377
1506117928.2052932 -49.35368947581187 -0.4831219596096631 -47.642736331507166 0.1494392106762209 0.988381066386344 -0.01698443048706428 0.021961763199140488
1506117928.255201 -49.336986041421255 -0.5134325016262916 -47.85963033349945 0.14991556314105217 0.9882894953946896 -0.017888469698096435 0.02211786319551473
1506117928.3053071 -49.32097780323286 -0.5437401460375949 -48.0769197764301 0.14924454649373062 0.9883940286347888 -0.01718687773433356 0.02253709686539097
1506117928.3553102 -49.306605042954764 -0.5736171989593467 -48.29246486350678 0.14875634369644075 0.9884693069942235 -0.01699427357200007 0.022609157574297566
1506117928.405308 -49.29357336717189 -0.6029649691408004 -48.50536476982026 0.14734516929446823 0.9886760978298423 -0.01720584405653033 0.022648037356978387
1506117928.4554021 -49.2820992005707 -0.6320410897658969 -48.71738192937528 0.14623621211824075 0.9888489062199004 -0.016679072961126685 0.022685225541597555
1506117928.5053852 -49.27037816249724 -0.6608890030803362 -48.92737906612798 0.14592789877282059 0.9888937461735197 -0.016378046627250543 0.022933964487313673
1506117928.555493 -49.25862112106379 -0.6896110645438042 -49.13635046352273 0.14553183357534444 0.9889563799342255 -0.01587048602901656 0.023106096094596035
1506117928.60552 -49.24620060418957 -0.718379292649251 -49.34492493820335 0.14589327749535141 0.9889101045113475 -0.015079804718948969 0.02333572939809103
1506117928.6557112 -49.23384131524836 -0.7470970176962145 -49.55322975683012 0.14688398277500375 0.9887592353266933 -0.014960420352988283 0.023589319263425224
1506117928.7055821 -49.22079591319271 -0.7758246451204495 -49.76096499790201 0.14761948574614384 0.9886452920014946 -0.014528607780349055 0.024039417375720885
1506117928.755608 -49.207324874266526 -0.804673068406904 -49.96910243786614 0.14860851796823593 0.9884972311026688 -0.013573876777047102 0.024586222942640748
1506117928.80567 -49.194496698044496 -0.8334605941429415 -50.17750754852902 0.14907060784238105 0.9884205294582075 -0.013058622185066013 0.025145242283200073
1506117928.855698 -49.180927001510916 -0.8624346176388823 -50.38689097725778 0.1493634089387947 0.9883564713451697 -0.013460008979843967 0.025707698822375905
1506117928.905715 -49.1664376817626 -0.8916913007567783 -50.59735753095784 0.14949454873473098 0.9883317425936358 -0.012540203303154505 0.026353174035475328
1506117928.955729 -49.15314419863487 -0.9208309843611594 -50.80808388796025 0.14908789939317005 0.9883859863554073 -0.011719046728630706 0.026992668908267844
1506117929.0058181 -49.1408640667003 -0.9501796010955256 -51.02162248690125 0.1484670479583769 0.9884511095225479 -0.012270816836688904 0.027773491104484207
1506117929.0558372 -49.12975637127962 -0.9795282959358188 -51.235919807298686 0.14793772606229147 0.9885084764635694 -0.011513892857047474 0.02885916558891775
1506117929.105905 -49.11730839849867 -1.0093320160656005 -51.452459596792906 0.14935598016775448 0.9883313962629741 -0.011639874980595865 0.02753825810051722
1506117929.1558802 -49.1024836607014 -1.039044846465425 -51.66680859598755 0.1478412234920299 0.9884906860685869 -0.01310018109754839 0.029283467126920447
1506117929.2058702 -49.08531826396545 -1.0686516780177162 -51.87787310256975 0.1490163822297596 0.9882513489751142 -0.014281926802587202 0.03081258903034375
1506117929.2559721 -49.06715074232465 -1.0980949005041984 -52.086618180226225 0.1496901377900043 0.9880883012579184 -0.014337714862322 0.03269252969732623
1506117929.306062 -49.04860977313991 -1.1268204368536745 -52.289892527371066 0.15001339192184776 0.9879516441043315 -0.0158133036312607 0.03460448791833308
1506117929.355941 -49.027305581816016 -1.1553539939364548 -52.48906351818111 0.1506968567020898 0.987848321271454 -0.01660935644874691 0.03420936742639342
1506117929.455991 -48.98365963210413 -1.2111100597850286 -52.876474608593725 0.15000208434440368 0.9877549727538585 -0.01725341959562617 0.03926586309611779
1506117929.555967 -48.938879454911486 -1.265981380891232 -53.255975742468095 0.14908005193415766 0.9877439784644119 -0.017105554598199152 0.04294614213755837
1506117929.655991 -48.88874078800427 -1.3210097059047916 -53.63190000797847 0.14925758854958074 0.9874997224950948 -0.01757024828069786 0.04751585743611953
1506117929.7558951 -48.83371143468504 -1.376044273874057 -54.00358301912995 0.14951212222240018 0.9870163752034328 -0.018448389910468033 0.055717656973782156
1506117929.8558772 -48.7732500771285 -1.431293081169882 -54.371938367444486 0.1497294951624834 0.9865674339499386 -0.018691450573301772 0.06258119704247567
1506117929.9558651 -48.70477504834325 -1.4872385461601478 -54.73833847033403 0.150681343563122 0.9858848570197982 -0.018666066887569617 0.07055323768618109
1506117930.055907 -48.631411730686864 -1.5435216357059152 -55.10340057267497 0.15127174246354283 0.9850721364260563 -0.020374730024844908 0.07959030308674071
1506117930.155893 -48.55213422244891 -1.5999521144594553 -55.46450203737659 0.1496765284139934 0.9841861157500841 -0.021867674042479815 0.09217608821516664
1506117930.255799 -48.46329112061033 -1.657125797585882 -55.82287493077638 0.1476460102011032 0.9833881974741827 -0.023638135671400107 0.10290552600400549
1506117930.3557742 -48.3584606689949 -1.7154825997152239 -56.17605869877069 0.1464038676552784 0.9819768512887312 -0.025771843491989233 0.11671839251659503
1506117930.455732 -48.23575425626853 -1.7754480264132528 -56.525518964902545 0.1454312737869388 0.9805095856323113 -0.02759009175280159 0.12918778550984467
1506117930.555706 -48.094803109280434 -1.8360584326188238 -56.863177284676155 0.14559991107454737 0.9785113526218471 -0.027827871365021958 0.14332413704796415
1506117930.655594 -47.94207430523227 -1.8963893577721525 -57.188364799313746 0.14576303772728244 0.9762629221564502 -0.02863674768991252 0.15761909889609077
1506117930.7056031 -47.86219385687275 -1.9265518283984857 -57.34781527376022 0.14535204460662784 0.97486819049009 -0.02888091076896755 0.16634508496617662
1506117930.7555602 -47.78098701342166 -1.9565967034423344 -57.505442332683515 0.14434020090497862 0.9734572501566129 -0.029950286706412154 0.1750710394280979
1506117930.8055582 -47.69819064877847 -1.9865128203760585 -57.660468592742546 0.14331671153423775 0.9719509111266708 -0.030208108026211832 0.18400874100032735
1506117930.8555012 -47.614646908559955 -2.0162301333830643 -57.81336375480139 0.14228223737258736 0.9703511132556375 -0.030668259502573986 0.19296097996970513
1506117930.9054902 -47.52770168418276 -2.046193696567196 -57.965571438465986 0.1400687380671182 0.968785757597361 -0.03259359093029243 0.2019221689737551
1506117931.0054152 -47.34747485800743 -2.106324880528157 -58.26529863564227 0.13692501722118924 0.965695862342028 -0.034480377019443856 0.21793151381811718
1506117931.0554461 -47.251213758483814 -2.1368365742376447 -58.41311808023161 0.13507243672807742 0.963733560959083 -0.03540686427395778 0.22741902796324628
1506117931.1054351 -47.14963357475552 -2.1676970166125944 -58.558937603759105 0.1335650106927311 0.961646262867227 -0.036692918267553686 0.2367498316391306
1506117931.1553712 -47.04206476417846 -2.1989181893219065 -58.70191055677708 0.1310149993819838 0.9596221376276924 -0.0367459854647995 0.2461912985140237
1506117931.2554982 -46.81394803487233 -2.262001881903386 -58.98131438673178 0.12751550730185504 0.9556371705415746 -0.03774846163755564 0.26281637567100036
1506117931.305357 -46.69575639794631 -2.293397134224492 -59.11614593762164 0.12693141042738684 0.9529952028545957 -0.03821223437488213 0.27244886772956467
1506117931.355354 -46.57306278056976 -2.324797185425787 -59.24690302939547 0.1257220104047174 0.9503393246498419 -0.03817829185737991 0.28211976562221625
1506117931.4053671 -46.447369458874036 -2.3559881494213624 -59.37341452951061 0.12472723945829343 0.9476108273124029 -0.038277903520034816 0.2915675527206789
1506117931.455359 -46.31883656704698 -2.3869487871112804 -59.49584653687194 0.12265328440102981 0.9449088325858869 -0.03894526447276843 0.3009763052168095
1506117931.505455 -46.18853248176613 -2.4175871621947627 -59.614020987071115 0.12039235993201433 0.9421396210040124 -0.038813799416638435 0.31043856586973795
1506117931.5554302 -46.057662860031606 -2.4480670396533544 -59.73029821455445 0.1189826320930343 0.9391736974023789 -0.03818036398331968 0.31990335911625045
1506117931.6054542 -45.92561447534568 -2.478521170525695 -59.84558784282217 0.11770120444873258 0.9361108968868257 -0.038494870860105675 0.3291822597263173
1506117931.655482 -45.791221142991205 -2.5089087098098974 -59.95846756477938 0.11430580272421123 0.93308839318741 -0.039166628091997 0.33874209836749675
1506117931.705465 -45.652955612270425 -2.5393646065783697 -60.068257393170825 0.11264486111899168 0.92985625605812 -0.039532844349486625 0.348016713033583
1506117931.755522 -45.511466720088116 -2.5698886347863854 -60.1756737083149 0.11064416971886641 0.9265331884243826 -0.0397786589092471 0.35736784515503256
1506117931.8056471 -45.36648241093904 -2.600777911204234 -60.28256736898442 0.1107689096382877 0.922929245483413 -0.039588406853918005 0.3665577915305214
1506117931.855565 -45.21904521688521 -2.6315911361404396 -60.386979523769654 0.10971926879880474 0.9193392536721631 -0.0402372215668958 0.3757099741986409
1506117931.9056041 -45.06975925442843 -2.6622538429066185 -60.48871265470632 0.10823672655016764 0.9156853752657155 -0.041241891389097625 0.3848430991259155
1506117931.9556031 -44.920038010203115 -2.6924806871895877 -60.58649860859575 0.10844596438481265 0.9117348000679467 -0.04158464771155019 0.39401756842609725
1506117932.005659 -44.77054199408105 -2.722716824100729 -60.684132095880656 0.1082188936891288 0.9074801525245233 -0.04037051240467547 0.40390427770816323
1506117932.0556731 -44.6202152135001 -2.7524413231423464 -60.77787841008649 0.10694209888115201 0.903177179801606 -0.04168666549214774 0.41363823722264464
1506117932.105729 -44.46914100074317 -2.7818600483490807 -60.86888751714207 0.10606441747946145 0.8988071570625698 -0.04390512271014538 0.4230465387609854
1506117932.155837 -44.31915752103792 -2.810957372148995 -60.957564152573255 0.10364101726227559 0.8948021800619825 -0.04322341531525862 0.43211032672877653
1506117932.205845 -44.168403018268194 -2.8398058364853456 -61.04415151508783 0.10207751050797603 0.890649999158388 -0.04426330860605978 0.4408667830069564
1506117932.255938 -44.01618428208348 -2.868476260091625 -61.12842250457976 0.09986767954630715 0.8863350710682961 -0.04643062965283735 0.44975636182986406
1506117932.305969 -43.86239515445914 -2.896813963480111 -61.20822282356441 0.09731689447865256 0.881941784424405 -0.04683420914083389 0.45881877445183095
1506117932.356054 -43.70710821231653 -2.924381062228089 -61.28088286274365 0.09570574286210815 0.87737027004398 -0.047531224538347926 0.4677634046396226
