1504915789.3668487 -0.9768648580468868 1.087700073557328 8.409332841327046 0.9975589731710226 -0.009169338877182258 -0.06729984800486578 0.016209525873771728
1504915789.5515828 -1.0899968405657914 1.2063991095845437 9.327896306124517 0.9973736469831914 -0.012099423933784778 -0.06854715090353128 0.020017501016050352
1504915789.7485797 -1.2221647699960732 1.336989836056198 10.338178104786689 0.9972087755613792 -0.015973212474992733 -0.06943716013903355 0.022315806470526087
1504915789.9580238 -1.3816978084383553 1.4776647599552586 11.425602565975176 0.9971092636567458 -0.018861387475780717 -0.06989510029851335 0.023065978120420425
1504915790.1758778 -1.5250741640607308 1.6260028213586912 12.572943898891852 0.9969148073269611 -0.020571742735259045 -0.07094806384024564 0.026533800526930842
1504915790.3881068 -1.6895933374404462 1.7738008540520953 13.715059802364033 0.9967441448957223 -0.023145437211150553 -0.0714978762695846 0.029213901508347396
1504915790.6094139 -1.8757423234974548 1.93274726090978 14.942329111648936 0.9967295571549917 -0.023932126342604613 -0.07191377444980754 0.028033056678108945
1504915790.814309 -2.032913047759973 2.0827077797433455 16.10074396161493 0.9966730092906187 -0.024116388603455698 -0.07219550251369737 0.0291396940461665
1504915790.9778228 -2.169039251440808 2.2037157713850126 17.03461478906332 0.996719386231645 -0.02268349657935012 -0.07205532690476109 0.02905088565940045
1504915791.143756 -2.3190506321162614 2.3285283962265204 17.997664771218957 0.9967900913186103 -0.022974406670230374 -0.07193590813718642 0.026587884603064084
1504915791.3103697 -2.4586195782920273 2.457105775210109 18.991397808751717 0.996731149617887 -0.02491181331943595 -0.07191598374662593 0.027101812122031547
1504915791.4389107 -2.5665332573197057 2.5572968892384234 19.765783472550872 0.996660138031354 -0.027637978070786516 -0.07225861868376587 0.026141986408751306
1504915791.5766358 -2.6811665844672543 2.6655857804163583 20.601930528013167 0.9966427019167204 -0.02713611013312062 -0.07217306114485063 0.027531899461606436
1504915791.7226858 -2.8015995439210015 2.781558390792494 21.49762182732619 0.9966576159780484 -0.02644158327792326 -0.07214132463757753 0.027750107499710804
1504915791.8561978 -2.9168314382825895 2.889573947605231 22.332378598521235 0.9966290825328309 -0.027893256451365492 -0.07190166076994482 0.02797479710078196
1504915791.9812548 -3.0291240858286383 2.9932413353837073 23.13343748499218 0.9966176983137746 -0.028207465162024204 -0.07170507642857356 0.02856368903450414
1504915792.1142929 -3.1456535755113375 3.1053246705446913 23.99937928875248 0.9966038681087065 -0.02972725639432993 -0.07112367911562426 0.028955872756445587
1504915792.250856 -3.266896155275515 3.2210312264721304 24.89317969010232 0.9966142706759037 -0.02981191833171172 -0.07074751997789495 0.029428445889943654
1504915792.376119 -3.385434315819631 3.3278236487759845 25.717400722650932 0.9966434609753047 -0.02888361299930351 -0.07075399437184184 0.029349972328815567
1504915792.534978 -3.529727230782561 3.4639062983387934 26.76897450273582 0.9964998248667498 -0.03163743811480546 -0.07074382544453692 0.031344580257864726
1504915792.6870348 -3.6633216324033406 3.596159881942228 27.791450840197783 0.9964263936846928 -0.033794833944347825 -0.07052491780570248 0.03191531193159126
1504915792.839099 -3.8102667266324026 3.7307786816620507 28.831954093572318 0.9964124816003013 -0.03606479573943723 -0.06998956870759349 0.031031553160084425
1504915793.0234978 -3.985208234704565 3.8965448955584767 30.11270200092715 0.996342352890586 -0.03796922929491838 -0.06979111932513583 0.031455573854970935
1504915793.2017338 -4.148153447755917 4.058707719522642 31.36571234506355 0.9963446682996824 -0.0381325109875371 -0.06930690482126109 0.032245410536663466
1504915793.3517709 -4.283107469757902 4.196210061516498 32.42823312372466 0.9963312664308451 -0.03873457195841812 -0.06891667299381064 0.03277396300374015
1504915793.5080519 -4.434737635918614 4.340468869287996 33.542842224232984 0.9962661006095981 -0.039657867034554616 -0.06867688167668938 0.03412618176095684
1504915793.6106799 -4.53446741712902 4.435887351409377 34.27972034348657 0.9962607579449831 -0.039060956280870814 -0.06897542178901882 0.03436764557456217
1504915793.7267737 -4.6469438050201495 4.543999916858093 35.11507325175194 0.9961711320735059 -0.04072873409886005 -0.06896888236293197 0.03503625419051123
1504915793.8990378 -4.8099819824787104 4.705144490376557 36.36029826185583 0.9961250195794955 -0.04111229903622646 -0.0688129574509188 0.03618702975602948
1504915794.103217 -5.002437200784376 4.894966993402892 37.82686752126362 0.9960925018761969 -0.042458156021925354 -0.06850700826671141 0.03610848254332245
1504915794.2291007 -5.123237361835158 5.011928162501071 38.7305554447107 0.9960828425269022 -0.0428430459924734 -0.06832749746720816 0.03626013407975673
1504915794.3607697 -5.2434091501316145 5.135711587885552 39.68685029756172 0.996068295290211 -0.04336229381119993 -0.0681027001887371 0.03646484361802831
1504915794.5072877 -5.376541129917561 5.276062407357013 40.772029431913865 0.9959617116439938 -0.04575751989331902 -0.06753799727791594 0.03748516021130231
1504915794.6372979 -5.497915208157101 5.401327175840279 41.74032321242565 0.9958605740592613 -0.048038027746863894 -0.06709758507604664 0.03810484223183153
1504915794.7767627 -5.6347614825514665 5.535075725615384 42.77331049814949 0.9959741609068471 -0.047069981345227135 -0.06741531561525634 0.03570802266378155
1504915794.9028008 -5.755970891574161 5.655109631548761 43.699505332083916 0.9960694252508503 -0.043922496494088636 -0.06709518437072433 0.037613170783994884
1504915795.0180697 -5.869172490392814 5.76475875681864 44.546128577799635 0.9961105417957483 -0.04313173300121789 -0.06675214397727822 0.03804725228093606
1504915795.1434257 -5.99375065519115 5.8851647665351905 45.476028002648306 0.9961182592188874 -0.04447696667964281 -0.06642336834896544 0.036853076165891
1504915795.267438 -6.117733557999415 6.006194275935789 46.411525652498774 0.9960415761381132 -0.0455531347207652 -0.06626681483519015 0.037878750943157416
1504915795.4099588 -6.252864440814651 6.146937508393496 47.499312735649454 0.9959670619376083 -0.0468997974511731 -0.06644448567960132 0.037883384975217364
1504915795.5476038 -6.3823091028792724 6.281336750506913 48.5377013991859 0.9959756767264714 -0.04622735851206863 -0.06603424388939153 0.03917858251903097
1504915795.67515 -6.500324604898875 6.404534841439523 49.48936816511671 0.9960473555606189 -0.04487332299823339 -0.0658178868287756 0.03929447972920216
1504915795.8157218 -6.632436193745663 6.539929699028297 50.53540655112155 0.9959593586185725 -0.045488177157824584 -0.06580671651959114 0.04080757012920647
1504915795.973636 -6.782636157966361 6.694097187183924 51.72706959038726 0.9958095778528302 -0.046971121121903985 -0.06573034593554639 0.04285463872573085
1504915796.1479468 -6.940487857607483 6.865647281155979 53.053036230582634 0.9957372968343002 -0.047611626094103 -0.06541350023986732 0.04428817833423415
1504915796.322553 -7.100357449840732 7.036521897071188 54.37357107509772 0.9957102380547079 -0.04795638798883616 -0.06528953594291903 0.044705516219582485
1504915796.5083888 -7.27783506758777 7.219654563287324 55.788352432770395 0.9956692496350916 -0.0481741912456504 -0.06526732155189043 0.04541111500902846
1504915796.7001038 -7.450619622588452 7.410064140938308 57.26079108056642 0.9953758448485589 -0.0513835200942014 -0.0654659992493163 0.047967325306243515
1504915796.9102259 -7.648234477061742 7.618964819555007 58.87560138281218 0.9952315586764278 -0.053547212820617765 -0.06514254402385285 0.04902335740982989
1504915797.1171877 -7.843744455457454 7.825255521525715 60.46975980065744 0.995105841488092 -0.053226303721018414 -0.06509865677212968 0.05189884117144438
1504915797.3316288 -8.053319613411773 8.041495877803264 62.14069351704514 0.9949805122106901 -0.05436076068646805 -0.06493387408244304 0.05331303794745565
1504915797.5126967 -8.230117484050952 8.22399754226683 63.55056609552473 0.9949876000609911 -0.05373672865795473 -0.0647687401229593 0.05400972154061998
1504915797.6839828 -8.393849762512064 8.396719388755933 64.88511802107267 0.9950558673838156 -0.0523129276397566 -0.06521537014253279 0.05361094929184288
1504915797.7861779 -8.47480556473808 8.500908800962971 65.69202847586584 0.9943422558477132 -0.060778115348143494 -0.0655653625488685 0.05736446778489405
1504915797.8564868 -8.528681408475315 8.572914764494241 66.24954867624845 0.9943040328124452 -0.05956309949576271 -0.06537339303616255 0.05948148446622313
1504915797.9407508 -8.598565375074312 8.659624588991196 66.92074117002112 0.9939631138740952 -0.06288014540856603 -0.06507849322344951 0.062033904365883144
1504915798.0420969 -8.699115525743801 8.762094650837298 67.71169676766964 0.994363224537728 -0.05736475633799242 -0.06446003546193424 0.06161141327271207
1504915798.142042 -8.799230637743216 8.861556990921997 68.47932706522083 0.9944804935084514 -0.05260771923301127 -0.06356871464966378 0.06480736398031785
1504915798.223605 -8.874538156565105 8.94277272165916 69.10483001187234 0.9945723640300856 -0.05118887764751833 -0.06353560320001418 0.06456576986921586
1504915798.3210769 -8.961359989644889 9.041345433543668 69.86693509502965 0.9945391718011126 -0.04929463132051882 -0.06279053724621016 0.06722517020033181
1504915798.4010298 -9.032933555062257 9.124223630607302 70.50741845759146 0.9946265652541918 -0.05071724632828063 -0.06281411623522662 0.06480851346168151
1504915798.4973938 -9.12495656589607 9.224809549639645 71.28569338686648 0.9945502952931357 -0.054593144941908506 -0.06292554491083882 0.0626871155450822
1504915798.593376 -9.21956320995341 9.324673896598652 72.05730666916203 0.9945707071854466 -0.056599088676725556 -0.06279943724344571 0.06067851556779716
1504915798.707744 -9.332944847809934 9.441682790859288 72.96121701111565 0.9946086974957498 -0.056049961832653185 -0.062424140640179045 0.060952172313228185
1504915798.8419938 -9.459501807210033 9.57848750728538 74.01826662221016 0.9946419012877379 -0.0564072632381207 -0.06219408588794803 0.06031255704463173
1504915798.9795918 -9.574233710612141 9.720471205887653 75.11618903006116 0.9945435204272671 -0.056946960199471625 -0.0620036887244572 0.06160983918773442
1504915799.1237338 -9.697985492218347 9.870545193210317 76.27656028320524 0.9943984952189895 -0.05938131844257788 -0.06220661642145031 0.061447771315362505
1504915799.2647948 -9.832726035389255 10.015897338052461 77.39991790738571 0.9942957005185341 -0.06033595970428271 -0.06219605410101405 0.06218748066278682
1504915799.3976038 -9.960030600949269 10.152572195719994 78.45610607077347 0.9942152862368405 -0.06089490797539993 -0.06180744421728712 0.0633057235563411
1504915799.5390189 -10.083219077047326 10.299046400350546 79.58836521384124 0.9940739218856651 -0.06159332285674954 -0.062048203836136864 0.06460124462443503
1504915799.679715 -10.207374752434403 10.44571182267924 80.72251610999305 0.9939638328536281 -0.062420392586744124 -0.06225309365453191 0.06530042801300646
1504915799.8367069 -10.347534222585915 10.60719005277496 81.9709243016877 0.9935989493296663 -0.06419566903109067 -0.06351763483754339 0.06786423235606906
1504915800.008833 -10.506384670907957 10.78506811713904 83.34579997382872 0.9934710847175976 -0.06432750432044206 -0.06382894500976223 0.0693039811041493
1504915800.1375778 -10.626982248084097 10.919925793812984 84.38796446240337 0.9934900745642592 -0.06288858960203215 -0.06442520541613976 0.06979892511534913
1504915800.2719028 -10.755489558269488 11.062921834482491 85.49300717942756 0.9933224309599834 -0.06385520895776892 -0.06461953878776595 0.07111522795833083
1504915800.406437 -10.890091514698842 11.206292411069311 86.60055377368195 0.993257459499207 -0.06416488772320594 -0.06553933309003661 0.0709019192318718
1504915800.5408149 -11.03008403257073 11.34879570787823 87.70163768251516 0.9931369602827838 -0.06558861943281327 -0.0665736548599983 0.0703211177367927
1504915800.664692 -11.155855182105926 11.480796477808095 88.72167791556981 0.9929989593368461 -0.06529309883479957 -0.06651985808824813 0.07256022657357855
1504915800.7951818 -11.289530550993968 11.620039296455392 89.79739357058396 0.9930264482389607 -0.06444846410861368 -0.06699274326727997 0.07250407520601722
1504915800.9228368 -11.423487522201025 11.756986220861142 90.8552949473987 0.9929663014243595 -0.06386520008468645 -0.0670890018334313 0.07374433053980943
1504915801.0410159 -11.552110851343844 11.884791455551156 91.84247155063836 0.9928371063454073 -0.06411160185427595 -0.06751990907065905 0.07486818182944685
1504915801.1664689 -11.685430492829298 12.021394741374102 92.89779990086447 0.9927946407271772 -0.06431247271467116 -0.06782415447138479 0.07498394006026601
1504915801.3004189 -11.82216772595011 12.167535204239757 94.02645025818566 0.9928365332678596 -0.062221215263857335 -0.06798146465997365 0.07604379687017158
1504915801.4387739 -11.97062341084875 12.318070343500136 95.18896593752724 0.992815317767231 -0.06077237778592225 -0.06791457906312258 0.07753755771028739
1504915801.5738018 -12.122682196945817 12.46506194131711 96.32382188749058 0.992919711120286 -0.06060411981623451 -0.06806103497891712 0.07619241069625049
1504915801.689972 -12.259609028078106 12.59230586865898 97.30566534240377 0.9934730552033854 -0.05385098554541772 -0.06781974168369662 0.07424178458654707
1504915801.7832708 -12.358548928253258 12.69534369960245 98.10064181863207 0.993492028216601 -0.053461798791301356 -0.06781042794677834 0.0742776669109738
1504915801.8655808 -12.439547041188252 12.786705051115373 98.80698501425856 0.9932624232727916 -0.05449982819977139 -0.06813108961704645 0.07627372986848806
1504915801.961922 -12.536587474229734 12.894304677964248 99.63897085126473 0.9931872788735158 -0.05641743052457178 -0.06860344318421191 0.0754299025592425
1504915802.0595639 -12.644603494747246 13.003545475736342 100.48326443484206 0.9930245651433619 -0.05786012659866554 -0.0689176710568065 0.07618906344042617
1504915802.1678338 -12.77190540921218 13.123964920537656 101.4138872240438 0.9928348772878114 -0.05999643109962975 -0.06864863826292418 0.07724441184221714
1504915802.2605898 -12.875060823821373 13.226753203075297 102.20832219726529 0.9925595913819764 -0.05965188495878585 -0.06915199406672008 0.08053019243180959
1504915802.3749268 -12.992475345229497 13.353111366102848 103.18438465998238 0.9926198364823673 -0.059409101266875264 -0.06910463368032682 0.08000605297281291
1504915802.490558 -13.11475326462024 13.480467124979105 104.16821271509588 0.9926144213491931 -0.05912805797519251 -0.06942340036714222 0.08000546713289294
1504915802.603983 -13.251666630493403 13.606102278910992 105.13825852060549 0.9926749644717647 -0.05976667911360849 -0.06977675100768543 0.07845740243930471
1504915802.7062469 -13.375392727061314 13.720320203158042 106.02120828216442 0.9925034561609296 -0.06360526572453724 -0.07004056999512659 0.07736651882745137
1504915802.8140829 -13.504949566327449 13.841374824293716 106.9563116216633 0.9924998530704093 -0.06452834622044316 -0.07006646971912764 0.07662130258856911
1504915802.9470258 -13.656279308851131 13.98942139647575 108.09987178615474 0.9925265936373102 -0.06482409964471415 -0.07034729519930541 0.07576315124195779
1504915803.071437 -13.791367240755502 14.12569341973222 109.15218678229357 0.9925611032741074 -0.06417643427194165 -0.07018068824385074 0.0760165281306989
1504915803.1914458 -13.921340134464884 14.25702130306778 110.16647636872008 0.9926573100110775 -0.06313810447277228 -0.069991599473829 0.07580383003682657
1504915803.307031 -14.051901309313735 14.384841754062611 111.15377738051076 0.9926112764652648 -0.06367091980028046 -0.07021113463424435 0.0757579327803741
1504915803.423709 -14.190535689331824 14.515306016147711 112.16166969746166 0.9925432757155075 -0.06421677035989584 -0.0704269104493286 0.07598751556036619
1504915803.5298147 -14.322181320768777 14.634413553981755 113.08174117945708 0.9924202617173935 -0.06630611224501565 -0.07063387408802738 0.07560674204757446
1504915803.64092 -14.455585853872394 14.758720628532878 114.04218050770697 0.9922827342577119 -0.06812641362916799 -0.07090494903349728 0.07553975948216841
1504915803.7713838 -14.603933765204118 14.903639012971322 115.16130453043536 0.9923720088007326 -0.06766625943256772 -0.07095046786127228 0.07473355734521006
1504915803.8965478 -14.7430294008599 15.042135238474675 116.23110508161282 0.9924315831625877 -0.06787357121374092 -0.07080276581249843 0.07388977889663564
1504915804.0180538 -14.880250404992966 15.17684045154384 117.27149147294153 0.9924475280976212 -0.06806447087463542 -0.0707838575634216 0.0735171904109412
1504915804.1292078 -15.009535540231123 15.300426317415184 118.22594404240442 0.9923971279385677 -0.06854904685083014 -0.07065640845794932 0.07386907728507368
1504915804.2461238 -15.14721431487003 15.4309116896504 119.23374991837906 0.992503772897998 -0.06808489972052745 -0.07037316298988167 0.0731322442161096
1504915804.3641508 -15.281029291230933 15.562156180312993 120.24738271452388 0.992534143909626 -0.06835145977929412 -0.07034673986310443 0.07249405017143215
1504915804.492678 -15.423666072974363 15.704631658865573 121.34791273659344 0.9925867500876929 -0.06829915979083195 -0.06997615561525561 0.072181063773872
1504915804.6122088 -15.559465693783615 15.837248862950464 122.3722717492765 0.9925850282103685 -0.06901551562045327 -0.0699459280666626 0.07154989533995251
1504915804.7074358 -15.665485797466534 15.943504317270422 123.19284494934223 0.9925975779262943 -0.06839759445927601 -0.06972422685712919 0.07218275109895737
1504915804.7917237 -15.757945223062652 16.03732903136046 123.9179607974923 0.9927893127534867 -0.06646458582320719 -0.06972043339409366 0.0713505464670665
1504915804.869511 -15.846969493066656 16.124167557331265 124.58779246815493 0.9928139734560703 -0.06638595467198759 -0.06974073872126578 0.07106017517055838
1504915804.9558408 -15.948840533367328 16.220227683682456 125.33012773678801 0.9926848924949421 -0.06770041875674786 -0.06995521117486965 0.07141166530718744
1504915805.0571268 -16.071490305297438 16.33273223426593 126.19855010805196 0.9927559221842537 -0.06804793638661602 -0.07056543755910004 0.06946708820519211
1504915805.1764958 -16.210784502367137 16.465383829822624 127.22330495122141 0.9926226750900528 -0.06881507595555177 -0.07059045440657337 0.07058114454280795
1504915805.27768 -16.321684577166447 16.577475344568604 128.08973421388316 0.9925461903340701 -0.06959306523152763 -0.07109275731232284 0.07038952466621429
1504915805.379948 -16.435259862715167 16.690392211120223 128.96149234119258 0.9925234080833099 -0.0701190131615645 -0.07120740968616845 0.07007219994923931
1504915805.4856677 -16.55876654029663 16.806811170326167 129.86127196796198 0.9925238680989844 -0.07021271458562045 -0.07112019861527391 0.07006042615679653
1504915805.59579 -16.691140129071112 16.928486556637647 130.80089996603877 0.9922917535948035 -0.07251894879534167 -0.0713294534848018 0.07078267357855411
1504915805.7171707 -16.83476605361325 17.063018323373058 131.84024202069708 0.9922531532327082 -0.07317182657407341 -0.0715510931345957 0.07042730128867469
1504915805.8701088 -17.01010157802184 17.23290311360863 133.15245648448837 0.9922289176823695 -0.07326517294010823 -0.07159999488334909 0.0706217394407284
1504915805.9839997 -17.140989251864323 17.359229001802753 134.1284928956004 0.9921605942286154 -0.07371642148839831 -0.07162683561480265 0.07108333758818233
1504915806.0943878 -17.271578438836215 17.481308316676348 135.07141217273136 0.9920112123688987 -0.07472848202071206 -0.07181462292518331 0.07191709423622222
1504915806.2101648 -17.409262398044177 17.609386639501704 136.06049479692533 0.9919941015018938 -0.07416825036407905 -0.07178877126740812 0.07275400706007572
1504915806.3179698 -17.53690414086032 17.728550553570997 136.9810304957019 0.9918926578379377 -0.07497821490029888 -0.07194661199212508 0.07314989843062839
1504915806.424574 -17.66211077640091 17.846359127964263 137.89103763755503 0.9918510814763792 -0.07546479366659892 -0.07227738288360248 0.07288674100611053
1504915806.5266087 -17.77919445744477 17.958935920663222 138.76079629522795 0.9915922336307217 -0.07686128475887057 -0.07225488120756171 0.07494275982463783
1504915806.6283388 -17.8940739126817 18.071504682649678 139.63077069963632 0.9917038774971841 -0.07654586836525362 -0.07255910659038582 0.07348010236835782
1504915806.7309918 -18.012160558817364 18.18518262793588 140.50815715000252 0.9916055792297007 -0.07680458236251049 -0.07244527697032091 0.07463989022864034
1504915806.8261468 -18.124262067088203 18.29054191415318 141.32244186965283 0.9913733035160721 -0.07844928786004263 -0.07212198409215143 0.07630925055649247
1504915806.89672 -18.20887209707055 18.368726155902944 141.9256687037591 0.9914719202058736 -0.07704095186874302 -0.07173963610611174 0.07682153207140877
1504915806.974599 -18.304400744539784 18.454685550578734 142.59016239222453 0.9914405739010606 -0.0780230417930808 -0.07185328685442936 0.07612554459776377
1504915807.0549579 -18.401378876058683 18.54357206958213 143.27623404756133 0.991507453738398 -0.07688388991125793 -0.07139998738527402 0.07683669992064322
1504915807.1425328 -18.505816567367557 18.64035707873248 144.02398548057465 0.9915702999050968 -0.07611083651733438 -0.07089319014012184 0.07726342279827289
1504915807.2317028 -18.609257489612492 18.73900524031777 144.7853532814687 0.9915871977557629 -0.07583111094812316 -0.07083937950497764 0.07737088709971492
1504915807.344117 -18.737090310703117 18.86305848865036 145.7433020198388 0.9918200774767225 -0.07493308313674085 -0.07029216619964597 0.0757428434682251
1504915807.4599297 -18.8666722324896 18.9911402761053 146.73278963454993 0.9917444258483704 -0.07616050018340512 -0.07008699687386845 0.07569930567516418
1504915807.585744 -19.006835567077083 19.12959728796017 147.8023032610974 0.9917881332596745 -0.07609874608424326 -0.06988500401752652 0.0753748352115376
1504915807.7173698 -19.15966558776219 19.274215725774866 148.9190516906197 0.9918449627617074 -0.07556817812106467 -0.06912548434717018 0.07585965801043078
1504915807.8542798 -19.317469421068644 19.424076092041915 150.07638570676622 0.9919209216505841 -0.07550279707467868 -0.06845510933444961 0.07553880348380099
1504915807.9816918 -19.457473375836287 19.563331111056144 151.15218473882655 0.9918600620801614 -0.07568808599842039 -0.06825760463330503 0.07632712688132332
1504915808.1042168 -19.58685072826644 19.697041049085062 152.18518077424227 0.9918614293018002 -0.07645423895014954 -0.06809197311524781 0.07569106689178012
1504915808.2272458 -19.71661062710627 19.831033734048955 153.220372629617 0.9918671056981693 -0.07612686757682971 -0.06787652805903409 0.07613883112793092
1504915808.3458729 -19.84356943281299 19.959693692604883 154.21438675126777 0.991925966984941 -0.07597376133626883 -0.06712716420066478 0.0761892868833051
1504915808.4720397 -19.979714166600953 20.095969879629475 155.26679658645256 0.9919846156173727 -0.07627407197490445 -0.06705047708775054 0.07518658021964802
1504915808.594148 -20.111833267678513 20.22716681848405 156.27995483492896 0.9919968291805885 -0.07578949867238635 -0.0665595744118755 0.07594778364611089
1504915808.7199588 -20.249533141453053 20.362098130430134 157.32227416803886 0.9920757351997462 -0.07588876213603803 -0.06646695137002934 0.07489176046079474
1504915808.8421369 -20.378961915081053 20.492844644144114 158.3326654538555 0.9920235812016253 -0.07807336772027498 -0.06633386536439835 0.07344100965084055
1504915808.9694967 -20.51081887309085 20.628359368790335 159.37982070927922 0.9919148738750241 -0.07939336651931896 -0.06640797439622419 0.07342722434366375
1504915809.0811617 -20.625811290259847 20.746067869408265 160.28922516400672 0.9919066962090598 -0.08008327598854396 -0.06640882490673322 0.07278490844314892
1504915809.192396 -20.740236795881234 20.861676371619104 161.18237760286354 0.9918204622544275 -0.08142354502166803 -0.06616141214462407 0.07269831162102276
1504915809.315888 -20.865282240521154 20.987734413885153 162.15646107410308 0.9917483021684543 -0.0821880939366523 -0.06617605237384665 0.07280901354408198
1504915809.442823 -20.988508574034558 21.116040241018634 163.14806093252832 0.9914798527174643 -0.08451838922213005 -0.0661407060276706 0.07382242575812016
1504915809.556542 -21.095935303318385 21.228897661625933 164.02018800988918 0.991489203462032 -0.08398372251393035 -0.06598916481392512 0.07444006917036912
1504915809.6696267 -21.201538122281175 21.33943812763799 164.87441070466207 0.9914323362329065 -0.08455472699975801 -0.06604963435787381 0.07449742690152887
1504915809.7837768 -21.30988453878835 21.448780671811434 165.71892083391754 0.9914777677782706 -0.08368897257386661 -0.06596234225381244 0.0749463893415789
1504915809.8888159 -21.406821617207388 21.548979573319784 166.49312861029023 0.9913949125534389 -0.08433329813701522 -0.06561236224743139 0.07562433542719177
1504915809.9987288 -21.504581743258733 21.65382533469913 167.30333834301058 0.991396257126224 -0.08418425185645727 -0.06523731321223004 0.07609576900414182
1504915810.1138139 -21.601322201351614 21.762909527048574 168.14632306007238 0.9913414574686842 -0.08429642344309232 -0.06497926075024825 0.07690203749523912
1504915810.2346768 -21.70452366677111 21.87623742791988 169.02234828960607 0.9912477557342916 -0.08494791728376634 -0.06466181826183337 0.07765685649029497
1504915810.3474479 -21.80351690115189 21.98046408286952 169.82791950711794 0.990958230833179 -0.08706561541175974 -0.0653707095434333 0.07840939797457827
1504915810.4508748 -21.897470262552485 22.074757463064174 170.5564900840981 0.9909645909917967 -0.08668437403358432 -0.06520880733464851 0.07888479032652326
1504915810.548936 -21.98794289766235 22.163064586576134 171.23868034735017 0.9908098783369481 -0.08810060876398357 -0.065227454205472 0.07924296147425768
1504915810.6549969 -22.086058989792512 22.25724653134068 171.96622148768043 0.9908960563280289 -0.08731757984036943 -0.06495351557507062 0.07925709191497952
1504915810.7804089 -22.198406921288644 22.36721741819335 172.81592949379385 0.990717407142058 -0.08807535185796388 -0.06464547807553227 0.08088704312310774
1504915810.9108977 -22.31042915278134 22.480392464321717 173.69029668802875 0.9906703756994206 -0.08918542004200482 -0.06461953623070757 0.08026508020819766
1504915811.0492258 -22.42725051449051 22.599714102439673 174.61227048294103 0.9905533652624081 -0.0908035387727687 -0.0650018940128312 0.07958330031109075
1504915811.195834 -22.542393249928057 22.723149966504906 175.566533425063 0.9902995269973891 -0.09308959890691304 -0.06515441544173946 0.07997546844215939
1504915811.3594067 -22.662181716076873 22.854167820775942 176.57928667668975 0.9901886943977816 -0.09475161849061904 -0.06497976214503276 0.0795368517845657
1504915811.5043957 -22.780348148397653 22.964307540592333 177.42998812652286 0.990142659909311 -0.09545269997211867 -0.06525821088016422 0.07904214703857183
1504915811.6376557 -22.88293994757248 23.060947880844445 178.17673406366427 0.9900497071772261 -0.09691566301343599 -0.06540638132515274 0.07830029925168694
1504915811.7886977 -22.98884190015035 23.165462721104717 178.9841407504769 0.9899978286161336 -0.09752573978099946 -0.06535784913973139 0.07823925467012921
1504915811.9343867 -23.08241095487363 23.261830052205557 179.7287133350983 0.9899560772440138 -0.09835781230250844 -0.065301205370928 0.07777183592929109
1504915812.084421 -23.176946924020058 23.356657934800584 180.46119012062402 0.9898955267821786 -0.09914558267809753 -0.06505920384102477 0.07774509301316482
1504915812.237964 -23.26364597429728 23.4482679646271 181.1690519868876 0.9898426340758995 -0.09990430761950914 -0.06508956216875854 0.07742117269475364
1504915812.4186387 -23.35380598491695 23.550797628638307 181.96190561729213 0.9895856327064854 -0.10190971588683974 -0.06520340642420336 0.07799487893092043
1504915812.5868669 -23.44518509797802 23.640936349306294 182.65849348749265 0.9894265071539 -0.10328258745178295 -0.06519907434712009 0.07821109112381049
1504915812.7770598 -23.541768743967708 23.73710952938323 183.40139793253294 0.989402128872477 -0.10381447947875401 -0.06540826154589625 0.07763852493903553
1504915812.9886599 -23.639655948667023 23.83735329944896 184.1759177858148 0.9894108261614507 -0.10392685765351944 -0.06539725814086807 0.07738620006459394
1504915813.1909719 -23.722798974036564 23.929313342800057 184.8867489696544 0.9892703832256561 -0.10489615653701755 -0.06539676798525468 0.07787276772664424
1504915813.4043288 -23.81386844828833 24.02083932076925 185.59402775961576 0.9890111618426533 -0.10703270371629416 -0.06529146823212155 0.07834504618620772
1504915813.6064239 -23.89819194353196 24.09898402950486 186.1977797936039 0.9888533518097411 -0.10858884473738517 -0.06533017736831621 0.07816315844606604
1504915813.8115487 -23.966603672324577 24.170297013602998 186.7489652948077 0.9887808302021729 -0.1095151159725703 -0.06503884490900633 0.07803113385770134
1504915813.9977129 -24.02341255539204 24.229521053247502 187.20672990917174 0.9886351712384028 -0.11070366789630652 -0.0648694073118608 0.07834000318946921
1504915814.2101767 -24.085246783615208 24.2899613682998 187.6738929760449 0.9885452919732415 -0.1117834919114859 -0.06472190510836555 0.07806235746348725
1504915814.4964879 -24.157450241222133 24.36098279194734 188.22264390693945 0.9884128736996921 -0.1126833829673197 -0.06468573430315673 0.07847421286905755
1504915814.8606617 -24.229735847399503 24.438514566113092 188.82193491353095 0.9883036898763299 -0.11322393378224715 -0.0649073880815833 0.07888718760439663
1504915815.3398538 -24.313369870939958 24.52153581909071 189.46326661505452 0.9882187419254136 -0.11355397401487938 -0.06524829787922046 0.07919515589128959
1504915815.9283707 -24.394935501187838 24.60391987996608 190.0995122391402 0.9883100661871571 -0.11229128423454499 -0.06523738761384203 0.07986215508872106
1504915816.5640118 -24.483909555516952 24.69033510692099 190.76651962452144 0.9885205888240728 -0.10992676935866767 -0.06514918576165038 0.08061472845497043
1504915817.1672437 -24.568681457024113 24.772269482729662 191.39919506626785 0.9885739625661677 -0.10889323429817258 -0.06531242449500152 0.08122851264730492
1504915817.747511 -24.66131691872987 24.86237751415956 192.09446386218005 0.988832516169081 -0.10561926309794306 -0.06520163837244405 0.08248377163370335
1504915818.192818 -24.74117536851542 24.951645205390744 192.783709954755 0.9891057780327862 -0.10270876754765705 -0.06532200821699617 0.08278710149230281
1504915818.5247958 -24.816146418228595 25.029147164284808 193.38218770890228 0.989197009308665 -0.10135464598709737 -0.06539655751848408 0.08330547866950022
1504915818.7830777 -24.879605055029465 25.097647340548754 193.91100612864517 0.989423825399835 -0.09818273494341298 -0.06499606004597792 0.08471219787426172
1504915819.0211418 -24.94257152704141 25.167207141278546 194.44804755491344 0.9895363188790052 -0.09678411081656592 -0.06497303370465769 0.0850247869979572
1504915819.2893767 -25.031870361018814 25.253354831081815 195.11294195800951 0.9897526593041486 -0.09397851876833527 -0.06493919718219317 0.08567737204074309
