1506117914.5263124 0.5690147510873214 -0.17125473625722987 -0.5500659792843493 0.010691493731514533 -0.008740900963215503 0.008805843399516683 0.9998658638708311
1506117914.7435195 0.6357249623592969 0.044947691061255346 -1.270146143883585 0.006552159155063799 -0.04535290684098907 0.000520237774958409 0.9989494043264336
1506117914.9506075 0.7226853831520983 0.15221951738181724 -1.9795690232635157 0.0046097180347451 -0.08213314926638464 -0.005009885770030723 0.9965981122477592
1506117915.1527624 1.4429624241985657 0.2974834681612129 -2.3011636523597527 -0.002088053824373587 -0.09709459626329511 -0.011292235254027066 0.9952089051202576
1506117915.3717084 1.8081804039368168 0.4481417393320797 -2.9453333201268466 -0.008800889835858739 -0.12958446788706277 -0.018798402664636775 0.9913511134193485
1506117915.5759354 2.096249881298361 0.5848890273369713 -3.6250717765735185 -0.014612060183956417 -0.16447926584435435 -0.02641314487104758 0.9859185587980904
1506117915.7749186 2.283656739117218 -0.04065088434948694 -3.765236772510879 0.11602697293935861 -0.17153944007856903 0.02205312986674259 0.9780724009556454
1506117915.9539244 2.7808475551173735 0.24573545142243075 -3.939263140179025 0.110952082534347 -0.18530963791999788 0.011220765220384175 0.976331945550856
1506117916.1215744 3.23631637848887 0.3843697254757049 -4.287987349429441 0.11194353561494115 -0.20204758878702292 0.0017878108302773572 0.9729554051609002
1506117916.2934065 3.417384157631707 0.6049716414050467 -4.782218016372033 0.10851517718895135 -0.23033157559012105 -0.004902543137153314 0.9670303959424497
1506117916.4605396 3.6503892696507227 0.8075357376956117 -5.205581382909468 0.10537519335638444 -0.25487082347641254 -0.013568229219759895 0.9611206142422499
1506117916.6131904 4.045123364550154 1.0324527434305444 -5.481592207545128 0.10331999032515314 -0.2736580654012457 -0.027771492723600726 0.9558582463064073
1506117916.7677715 4.462135541792898 1.2278591030209718 -5.737563110621715 0.10170519399490961 -0.2940038273059606 -0.03511905134403224 0.9497286219108064
1506117916.9198835 4.898521822551471 1.411141797159589 -5.909665066647886 0.09696791942373814 -0.3075465048166018 -0.04731177557855759 0.9453961951844988
1506117917.0633364 5.307208335283015 1.5982083335649582 -6.151057611914727 0.0927376271360778 -0.32466930074333206 -0.05657647116598562 0.9395683480079613
1506117917.2049904 5.741278052416516 1.785341155192714 -6.308022177748269 0.09028478262247595 -0.3384792137379686 -0.07092614763872995 0.9339432324693333
1506117917.3420584 6.1503862812183385 1.9581027047783854 -6.584789568709314 0.08660179214539405 -0.357770945773941 -0.07967749281391805 0.9263647106275763
1506117917.4836445 6.648577080304169 2.0093159475936644 -6.746289605638509 0.08533057499877693 -0.37099892110643984 -0.0858095164644997 0.9207145162276762
1506117917.6259065 7.149396772863646 2.106590774351275 -6.814891960564661 0.08289794802026448 -0.38243303426962505 -0.09572251246637617 0.9152650463775404
1506117917.7659595 7.520110489807975 2.2253108415639726 -7.153091147464625 0.07909531479719487 -0.3994701494183575 -0.10382931103029361 0.9074067473144454
1506117917.9053195 8.036061594918214 2.3317637393421533 -7.390770438009109 0.07656346201041576 -0.41653070695727484 -0.11386646553493626 0.8987072017477288
1506117918.0585394 8.545710964954568 2.3782542179433763 -7.777289070445015 0.07268056840609238 -0.4333351346325022 -0.11859600220361002 0.890434267271043
1506117918.2260275 9.169900490378858 2.449316845384374 -8.117938721450594 0.06933931938464097 -0.4496962573374677 -0.12305321274831593 0.8819428789645426
1506117918.4062696 9.82330419980393 2.5007574675867263 -8.526232937121204 0.06730556370658523 -0.46428854739170566 -0.1281558525271379 0.8737746753700754
1506117918.5942254 10.445154953145266 2.5521182500776227 -9.031696825777509 0.06250857609143382 -0.48119265607225975 -0.13032176970861797 0.8646169915038443
1506117918.7824364 11.435347185511048 2.473983994920651 -9.458014082246683 0.06588190272509248 -0.49337583666581963 -0.13586551456619794 0.8566098415493986
1506117919.0321164 12.676257819981053 2.268410932764705 -9.852925380769843 0.06826915798563524 -0.5004346122384623 -0.14079855310161624 0.8515164639548451
1506117919.3368375 14.517297202428868 2.427920201199022 -10.975214788207012 0.06448998893982492 -0.5137959992643656 -0.14551774135734896 0.8430179709927472
1506117919.8123856 16.07798321316857 2.344790931990644 -12.950030043126832 0.09804336789946845 -0.5527060384269151 -0.15246557055139034 0.8134234954153915
1506117920.3525035 17.282789232649055 2.1827801373672364 -14.00106733241262 0.13431597393422753 -0.5829413551645026 -0.14388975505564658 0.7883110642221753
1506117920.6969824 18.33811231249219 2.1572599107306303 -14.478843783428262 0.14592946508591403 -0.5919759883806465 -0.13783580477812996 0.7805576925004712
1506117920.9425044 19.20165224861147 2.4276506426287745 -14.996879514895552 0.1419759991158142 -0.6027508333229145 -0.14043006990056112 0.7725371473730706
1506117921.1673625 18.398449954424443 2.381758879156401 -14.791958147233418 0.14521804574411587 -0.5989841530236911 -0.13922924531246728 0.7750773644394935
1506117921.3478374 18.73692437280667 2.235591129719744 -15.507068553369455 0.23403525784988818 -0.6510695163442757 -0.12577310945809658 0.710997262939604
1506117921.5206325 19.58360945288905 2.220368817602979 -15.463614749291816 0.23550460384391753 -0.6490404011345945 -0.11961649669721047 0.7134255623267569
1506117921.6990995 20.290110164964943 2.449694028234119 -15.572991040770297 0.23549169541676318 -0.6503524189043699 -0.11927686792663453 0.7122909668054092
1506117921.8572326 19.54863308741886 2.4021140222448554 -15.416550005842907 0.2480097981826356 -0.6435085632286215 -0.12067975035398855 0.7140197944814567
1506117922.0181355 18.626727709866202 2.134254630111249 -15.735467955569833 0.235175034793836 -0.6371981199043394 -0.11369092799014219 0.7250831896360808
1506117922.2360306 17.753537295673013 1.9705303167711596 -16.037791151090165 0.22225877760490778 -0.6311902564751815 -0.10357063231463666 0.7358485034504809
1506117922.4358754 16.843168961632557 1.8938519913806837 -16.53980941320509 0.2122611757501666 -0.6185409967684882 -0.09848491936588968 0.7501019592317405
1506117922.6496816 15.836460387987922 1.630301619943527 -17.08793339642326 0.19832209248310573 -0.6025745383911902 -0.09464078598522169 0.7672127442527693
1506117922.8854234 14.492854359967456 1.44093449516116 -17.39444258036344 0.19834151481131906 -0.5892100200564316 -0.08554157061834008 0.7785723058673468
1506117923.1685545 13.214865999861411 1.3478986582776598 -17.94848770183714 0.20481106303720098 -0.5686809712184707 -0.08429348439165162 0.7921798974479864
1506117923.4539514 11.814562876649848 1.07400126140922 -17.423956070456214 0.22382450507336601 -0.54156366192308 -0.08426822092309964 0.8059219924754392
1506117923.7559505 12.639252634783109 1.400252927851297 -18.04937556241031 0.23508456540697054 -0.5582145896554986 -0.09157687287902247 0.7904083725245185
1506117923.9686534 13.298870352653674 1.7367389784042528 -18.69339254510549 0.2484108842275199 -0.5916186540323028 -0.09209379969498968 0.7614447667796049
1506117924.1599164 14.065619447648938 2.019158313338976 -19.17410798892236 0.25879982332300877 -0.6128547512055116 -0.08392006084547188 0.7418821528790823
1506117924.3496425 15.033176875426161 2.3089518075280706 -19.32553829702114 0.26788274611531726 -0.6111001137078047 -0.08661726953177525 0.7397924938649243
1506117924.5603166 15.878112478348633 2.53226143864182 -19.62193885908054 0.2760497686553986 -0.611423494529636 -0.08442449479159063 0.7367702085736458
1506117924.7490294 17.166201769720498 2.9809491849631637 -20.014088639642416 0.2795336347641628 -0.6199471170130526 -0.07568480807509245 0.7292450404146581
1506117925.0328455 15.843181588567074 2.3415534339349393 -20.429103490437004 0.2737221498544374 -0.6124611794130889 -0.08663614344361238 0.7365199705644176
1506117925.3479335 17.281671262554884 2.8079568519557667 -20.86915514931374 0.28800279525230515 -0.6150997775580449 -0.08701477889676969 0.728790149376656
1506117925.6924665 18.50602353512776 3.230748637488394 -21.339486079769046 0.30370550668878443 -0.6172050017612754 -0.08423315846038094 0.7209200552235739
1506117926.0005665 19.352319489116347 3.9196416427747236 -22.045942128229765 0.33229898571949806 -0.6284708106090315 -0.08874371231960025 0.6976577798791865
1506117926.2883544 19.935802381258902 4.834636625911091 -23.002314408652808 0.30080166407640974 -0.752760572122433 -0.12602441055171926 0.5718284077342277
1506117926.6080954 19.47614721088659 4.378956082472304 -24.395188913786228 0.243187347154285 -0.7281397850622509 -0.1281137894019065 0.6279006486369036
1506117926.9509385 20.043286597003668 4.863698333815803 -25.124076923284218 0.23088695993139174 -0.7929166912866414 -0.1289113279198676 0.5489591987995294
1506117927.1794105 19.363048369789077 5.1430482390599375 -25.783888239104332 0.26602995888475023 -0.7307148950571769 -0.0924194954358889 0.621886195361123
1506117927.4018385 18.484447699000608 5.296381344115307 -26.23740807793865 0.3586911610731935 -0.36548716104615314 0.022587733699560845 0.8586323895385646
1506117927.6318955 18.984822761136428 5.97413903454969 -27.154070423531316 0.3772715446823065 -0.3829074903391463 0.018540786973099414 0.8430327838427288
1506117927.9166274 19.627096515687366 5.390145888093172 -25.70742267542334 -0.8421544530065868 -0.191761151521825 -0.40101401706308126 0.305272494940385
1506117928.2950554 18.418074566806403 4.365588174895948 -25.179763443684546 -0.8429419688751659 -0.2040361326318207 -0.3855763052409166 0.31487935233398334
1506117928.6871586 19.205395541964762 4.482405175183322 -26.448444035002854 -0.6680480574750145 -0.258771506809875 -0.47609745973125245 0.5099806947372172
1506117929.0392845 18.737972194645984 3.357916597113603 -26.50053605855073 -0.6686753469434367 -0.2666736074046265 -0.471710407048923 0.5091637844403475
1506117929.3257744 18.29793562733471 2.6628723153836424 -26.62527755799381 -0.6714490672235225 -0.279842215883435 -0.46109243306296666 0.508171479430107
1506117929.5377846 18.1405730048182 2.0199212522720984 -26.648864326182157 -0.6772605542101998 -0.28490469813662245 -0.4546092906916531 0.5034658354917485
1506117929.7109594 17.782675736115408 1.6737978303562415 -26.935818333619117 -0.6842436153894059 -0.30498425248834005 -0.43982053201893284 0.495331384173813
1506117929.8629146 17.739214161301728 1.185685443773232 -26.923095150741222 -0.6921144619964243 -0.3127774508919924 -0.4314087915646066 0.48686167673136144
1506117929.9930105 17.66863800150114 0.7880777382912947 -26.947581866266123 -0.6983846849487609 -0.316280568164111 -0.42393752860598044 0.48218503281443753
1506117930.1007736 17.585709782362596 0.867464371103735 -27.344424651290034 -0.6968048686408395 -0.31167742650455943 -0.42526659166844055 0.4862802513537075
1506117930.2112405 17.475556566813154 0.5088253328788042 -27.448803287264862 -0.7023434997086216 -0.31985809407908034 -0.41778824745785026 0.4794344463586672
1506117930.3155375 17.404650194974906 0.13697692499386738 -27.418190359928023 -0.7080029884832758 -0.3296027067765236 -0.4095394210711738 0.4715626009057837
1506117930.4169874 17.238415232767252 0.08662582980983341 -27.75091301381783 -0.7106077783195228 -0.33229509800015467 -0.40719674265082306 0.4677684961724325
1506117930.5177424 17.309234409306494 -0.2452597139247445 -27.688025316932332 -0.7167893753736965 -0.33825317017826956 -0.40026389022778003 0.4599854371558519
1506117930.6117444 17.20134541618142 -0.5267735524879072 -27.637333929305708 -0.7244356548366248 -0.3419954817055881 -0.3899178962858757 0.45408821461296495
1506117930.6959095 17.188091263883457 -0.7797559512414811 -27.50859077836779 -0.7315971980146688 -0.3460293512952666 -0.3803298222539083 0.4476365201852643
1506117930.7749875 17.101799422413393 -1.0340402050747597 -27.51254050078116 -0.7366748825400231 -0.35069344471268465 -0.37315365814062834 0.44167926449683054
1506117930.8506424 17.22597418921117 -0.9718116050349895 -27.294647341598058 -0.7379261765042713 -0.35042254278001717 -0.3732952970680037 0.43968127175066796
1506117930.9233384 17.168079253607722 -1.1922117944644035 -27.210334032247857 -0.7438403415485978 -0.35544386492319674 -0.3641620334257772 0.4332980712910318
1506117930.9917555 17.15563759108328 -1.4157241969903729 -27.132938886744835 -0.7505903535409947 -0.3594483191902141 -0.3557633461824351 0.4252569441121593
1506117931.0580404 17.142478835299116 -1.6348232440022765 -27.062176550963105 -0.7569951843098093 -0.3633478378305259 -0.3460009639344278 0.41859284828110344
1506117931.1218314 17.179867680828462 -1.856953443356909 -27.02356885058118 -0.7617055943692705 -0.3719934186400056 -0.3383942271900745 0.4085521154020752
1506117931.1845186 17.153586556261768 -2.0262262021027198 -26.872050638029982 -0.7650735410075092 -0.37781837393908296 -0.33032409527753476 0.403486982743356
1506117931.2470534 17.127360763336746 -2.2390312546039355 -26.812684269401466 -0.7702512421857811 -0.3835840459441993 -0.32092134029001895 0.39570923283997067
1506117931.3079915 17.049014027571793 -2.3069480679023404 -27.01230150290816 -0.765839892329409 -0.381007833654367 -0.3285550395822992 0.40046707227431144
1506117931.3698604 16.95415289310932 -2.38607029917591 -27.20554232744416 -0.7652941108124645 -0.3807424931275101 -0.33031550914046454 0.40031455419967193
1506117931.4333434 16.94325890297607 -2.602380801552119 -27.14717460865782 -0.7717744850636622 -0.3854609960937397 -0.31993594348652415 0.3916949792383444
1506117931.4960325 16.833267866723162 -2.69893012412503 -27.30944747583264 -0.7730692753238572 -0.3856211786942181 -0.3195659517588858 0.38927856936795796
1506117931.5574665 16.805386186359364 -2.9017334443535523 -27.22399937310791 -0.7782179669566984 -0.3913001949756852 -0.3087727093525538 0.3819952450971808
1506117931.6198225 16.70562944739481 -3.0933755269733445 -27.257232409892605 -0.780763076239984 -0.3985026085400119 -0.3026968439844534 0.37413809002684134
1506117931.6810505 16.69684330265923 -3.2801607393275782 -27.12004148532378 -0.78308454215966 -0.4038084261716787 -0.2977068708131799 0.367543159171778
1506117931.7455726 16.602825042300037 -3.336957907805841 -26.907046048844173 -0.7854166314845015 -0.40809814996009164 -0.2880680641654286 0.36550431651988874
1506117931.8113866 16.40352701552087 -3.3770319769011103 -27.044414388125634 -0.7880426654667854 -0.40495692483663454 -0.2942109555867205 0.3583832585984006
1506117931.8782735 16.412883467226752 -3.6218777905199016 -26.976706444000776 -0.7919631858478274 -0.41123274879438854 -0.2852860464844911 0.34970531917890296
1506117931.9480975 16.291091019746247 -3.7554846222462728 -27.162681634325647 -0.792671070098149 -0.41178233389900126 -0.28509053816753227 0.3476079244860401
1506117932.0198734 16.169662680545947 -3.8838429693149563 -27.35419770921473 -0.7936175249159249 -0.4122706174765825 -0.28443139453147204 0.345402582382761
1506117932.0926254 15.997206040864052 -4.02791825161429 -27.463051621270566 -0.7976132278961883 -0.4122915790131694 -0.2803450868874641 0.339463436643639
1506117932.1632836 16.097846850507437 -3.9136759600764566 -27.303708741204325 -0.7978686380386018 -0.4118196753489869 -0.2814162996039021 0.33854845701483693
1506117932.2258456 15.906910528996347 -3.9331158840378833 -27.169238585862136 -0.799422995288074 -0.4179169216525565 -0.26455153725926384 0.34099971456711475
1506117932.2925384 15.892556495932448 -4.087204447054636 -26.96712043361092 -0.8033729582189346 -0.42301229617754776 -0.2531823750989209 0.3339927727128607
1506117932.3659134 15.998490841634123 -3.9541363024442857 -26.823186110796478 -0.8039405757931377 -0.42274667549279615 -0.2537422237396412 0.33253523549369546
