1504915789.3668487 -0.25815991979726727 -0.02704852005418856 -0.8962527427329461 0.9999856298756776 0.0007394920963449055 0.0041985445175457825 -0.003250448817948829
1504915789.5515828 0.7338100625524907 -0.012524532707465877 -1.1626663685611476 0.9994822835140897 0.002744751192543807 -0.031505068123262744 -0.005921314457143748
1504915789.7485797 0.8127371180409303 0.02093211406072292 -2.2673759937833857 0.9993598134238063 0.0038200020335129926 -0.03475331347917031 -0.00758802347238985
1504915789.9580238 0.4677504643466641 0.01925626643203758 -3.3808994530508842 0.9995231109275962 0.003406883553089689 -0.028731465764417742 -0.010791049119726044
1504915790.1758778 0.3893874506903042 0.049046176499111166 -4.541206030292671 0.9995275706624496 0.003342702808452884 -0.028029864674347156 -0.012156829763321112
1504915790.3881068 0.19306397223661023 0.0917253731349987 -5.7764148955288395 0.9995795457062668 0.0016953674292162042 -0.025633912765484546 -0.013444703465117797
1504915790.6094139 -0.13001199547042638 0.09076863495139459 -6.909877185213849 0.9996952003798653 -0.00047611969458562355 -0.01951116861245851 -0.015119323624886915
1504915790.814309 -0.3059904559027157 0.11559967022625439 -7.844597999617756 0.999715710445667 -0.0028808893498809738 -0.017503144311824665 -0.0159323163372037
1504915790.9778228 -0.49427396305322385 0.14228155762910707 -8.808643782556349 0.9997827311205154 -0.004160438894104802 -0.014071358884368963 -0.014804666850665555
1504915791.143756 -0.6290230930913324 0.2472772958797343 -9.80580753536236 0.9997715045485321 -0.0009179312547431617 -0.01237642566080406 -0.01740460234647803
1504915791.3103697 -0.6597878977220374 0.3005291813581814 -10.59166664566026 0.9996450449084405 0.0008595162693003449 -0.017513024431766343 -0.020058399662925813
1504915791.4389107 -0.6866991891671005 0.38611350473127914 -11.437811011586817 0.9995823170332886 0.0024397468509371506 -0.018435814313198982 -0.022121479613154613
1504915791.5766358 -0.728449334930373 0.47186634954292633 -12.343967743438844 0.9995635224741122 0.0026170752262117546 -0.019658824793079368 -0.0218962568527315
1504915791.7226858 -0.7410220347847561 0.5191872868776706 -13.192122961046941 0.9995193286726368 0.004128682534176141 -0.021238996978372036 -0.022202941194500923
1504915791.8561978 -0.7679087862113374 0.5693332970525783 -14.005642712397236 0.9995084302700948 0.005935557813016095 -0.02078584894988277 -0.022707167500426183
1504915791.9812548 -0.028762148038737223 1.0436951857293963 -13.937524804801146 0.9994036928213001 0.003999723464531867 -0.017593938685895465 -0.029440012039279956
1504915792.1142929 -0.011159739702479507 1.0510283212120288 -14.846702074661295 0.9993687824818905 0.0021231215935763152 -0.01967461477828069 -0.029503194550581976
1504915792.250856 0.6819177059426222 1.5217527926858472 -14.90016564876524 0.9994805574614775 -0.003999198610010781 -0.009227992120246982 -0.03061806375983127
1504915792.376119 -0.30797689549069807 1.660320058332355 -15.282335949451953 0.9993898881289751 -0.001348500373178171 0.012983018909652581 -0.03239559032168001
1504915792.534978 -0.3202123050520241 1.6766814798630352 -16.321748732627317 0.9994302590699631 0.00019739498311165614 0.010014986683873293 -0.032230704805966556
1504915792.6870348 -0.17753857395211073 1.6484431161813349 -17.371133744674655 0.9994307534944653 0.0014238334057167785 0.007859845353786818 -0.03277749988838709
1504915792.839099 -0.4385942649504736 1.6823333213987035 -18.647495586511678 0.9994114366863879 0.001723452361502773 0.00991328575556012 -0.03279537616702867
1504915793.0234978 -0.38825453228213946 1.718712355875028 -19.91990484599176 0.9994329523134703 0.0013653474484079634 0.005880357795552273 -0.03312598751014669
1504915793.2017338 -0.47979002957866346 1.7975328675407831 -20.992974492785642 0.9993751568342748 0.0018325123042324104 0.005361430578778027 -0.03488829120597031
1504915793.3517709 -0.2524779293363115 1.823854577747277 -22.103736454009006 0.9993525759753118 0.0008971659050175093 0.0021804690558884176 -0.03590082923198572
1504915793.5080519 -0.3126860853487471 1.7828757736399026 -22.849883754606434 0.9993253892724585 -0.0005809258166955973 0.0009021987138645535 -0.03670987494020923
1504915793.6106799 0.41412327318782927 2.2124594442575414 -22.94662967064778 0.9990279869831605 -0.002810344844428735 0.006516948820952032 -0.043505316506087445
1504915793.7267737 0.28778942579377575 2.2737472125395293 -24.204969018810004 0.9989459754310795 -0.0024910686955597664 0.006963393727622609 -0.045301698584020444
1504915793.8990378 0.20892536081473168 2.313107505016294 -25.693635607734237 0.9988984872040748 -0.0034138787581680257 0.005521293958622394 -0.046472282128791266
1504915794.103217 0.8931229520250917 2.2488838380164036 -26.304105454450543 0.9987423338557966 -0.006044602080531944 -0.006285595373952728 -0.049373116579366876
1504915794.2291007 0.9637380904879943 2.2485843833461816 -27.27326841971407 0.998744592576546 -0.006432069340650502 -0.008996999366355608 -0.048856128433475456
1504915794.3607697 0.9722651281022108 2.246325361830428 -28.375519941215686 0.9986718478608115 -0.00535280248699 -0.00939045914854109 -0.05037565952706883
1504915794.5072877 0.9556247150509536 2.304539770656777 -29.357533155855872 0.9986768803103201 -0.0041317348823264 -0.012019137134471839 -0.049829287001238835
1504915794.6372979 0.8951217900305406 2.405836748031285 -30.401447246329045 0.9985182255283819 -0.002663226756288486 -0.013024668891413413 -0.05276948465889662
1504915794.7767627 0.9770823639955443 2.422703190357011 -31.3394956018282 0.998403263813933 -0.004387041007515074 -0.012675509302180603 -0.05487265385249113
1504915794.9028008 1.009057055022836 2.4604788120427226 -32.1992392115013 0.9983820489004859 -0.005944294698323234 -0.013608168847259237 -0.05488868311803777
1504915795.0180697 0.8995961325949323 2.502486936947276 -33.137846632395416 0.9982740983085125 -0.006726595644871615 -0.012285913380361198 -0.05703186731790785
1504915795.1434257 0.9001574028765498 2.5593151294114973 -34.08755500696478 0.9983014544332348 -0.005000600981288852 -0.013500218499074507 -0.05645302619693359
1504915795.267438 0.9537495239411841 2.6049932206410564 -35.19045624813914 0.998220579216332 -0.0034214204825781932 -0.01603076227086493 -0.05733222280626809
1504915795.4099588 0.8669109556071357 2.661410618868481 -36.24038302349332 0.9981301038641903 -0.004614709166431834 -0.015091054267574304 -0.05905302956211233
1504915795.5476038 0.8915000098488697 2.6044014996132527 -37.2052251869775 0.998086091245186 -0.0067898092349750324 -0.01809319044229545 -0.05874256900305369
1504915795.67515 0.8883455249808115 2.6800535178605798 -38.265530975759695 0.9980737413853045 -0.005176037522651507 -0.020147172067920837 -0.058447470863765456
1504915795.8157218 0.9368846918078069 2.8364913362971897 -39.465347462166946 0.9980469158646104 -0.0030365029732486028 -0.0209777073516922 -0.05876282138478891
1504915795.973636 0.8551090177183083 2.9285539699829193 -40.80600824526552 0.9980142014089582 -0.001591070223047727 -0.020511276221207762 -0.0595349462867219
1504915796.1479468 0.9373434069165496 3.0645942266759474 -42.13766107173928 0.9980015116119001 -0.00033997635595760847 -0.021597167385597537 -0.05938374859639151
1504915796.322553 0.8288824385007639 3.223118552280673 -43.5623534682855 0.9979877311394106 9.566453377167386e-05 -0.020296366261505112 -0.06007109837591246
1504915796.5083888 0.47841117041088044 3.194095992072438 -45.01511410324015 0.997895318980137 -0.0007751575780045734 -0.014724543278054569 -0.06314680762725668
1504915796.7001038 -1.0992982018350135 3.348525729835705 -45.4361699538062 0.9979901287523788 0.0011629301403049965 0.01152798259549295 -0.062301333240777204
1504915796.9102259 -1.5506913327956127 3.260157489207305 -46.98876660520302 0.9978584509692873 -0.0017594165851182928 0.016035344496485863 -0.06338993618339502
1504915797.1171877 -1.5957861947423124 3.4507848674164032 -48.67528039974458 0.9978003017261343 -9.382414469312607e-05 0.014026993788517732 -0.06479037364858517
1504915797.3316288 -1.9401145155607549 3.5259598936915086 -50.06383783645726 0.9976377531835144 -0.0015621175556262746 0.018543702856675746 -0.06612567047717659
1504915797.5126967 -2.3255242651629997 3.735356291277815 -51.346523460777505 0.9975585703894985 0.001593414478100481 0.023751339657599433 -0.06565236886230194
1504915797.6839828 -2.831397235161595 3.8309340479595844 -51.9817172802036 0.9972404876486867 0.0035415814495428225 0.031841333393149714 -0.06697011634149731
1504915797.7861779 -2.9602878310689205 3.858858138083653 -52.530829016223265 0.9969224862339192 0.005902901220079191 0.032591437109361195 -0.07105287063528862
1504915797.8564868 -3.402373457443817 3.9581330532976247 -53.03837853726594 0.9963560423095091 0.008983357119817416 0.04315691387036243 -0.07301655314637273
1504915797.9407508 -4.18308728654937 4.104403708914598 -53.16212026900855 0.9951834520870156 0.010382297555524382 0.0662914343726973 -0.07146712753742859
1504915798.0420969 -4.47797757961427 4.204713033317499 -53.8777667047282 0.9945599500925424 0.007476061769795544 0.07309627235065262 -0.07383460666093211
1504915798.142042 -4.636395035501884 4.259654157770384 -54.490470985841 0.9942699073861782 0.005700106149678304 0.07569177884270903 -0.07527027747916985
1504915798.223605 -4.938280899397604 4.419081634666051 -55.18437773230801 0.9940199962681535 0.0076572615872156705 0.07935218254455936 -0.07462469088352523
1504915798.3210769 -5.039939832509398 4.478420885152359 -55.823404197490675 0.9941452034598521 0.009505168791260808 0.07855083747752077 -0.07358486349515592
1504915798.4010298 -5.186253238033744 4.544327562892107 -56.59706195409997 0.9943994582817768 0.012214031975772243 0.07690471177885291 -0.07145768046905124
1504915798.4973938 -5.314553817264479 4.605921647985349 -57.36781190859808 0.9946040520755295 0.01359757574895419 0.0748743554995031 -0.070510399355163
1504915798.593376 -5.400851120382622 4.717529379899291 -58.275389383572744 0.994815457238865 0.014675662684943786 0.0724439992533063 -0.06984767666554428
1504915798.707744 -5.578504094119265 4.82053836194985 -59.32891425051397 0.9948645947902984 0.014637585672992798 0.07219456077061023 -0.06941271146945238
1504915798.8419938 -5.6795596485199304 4.9036391329142495 -60.434191786148475 0.9953131123586847 0.01505202861459135 0.06610122244070626 -0.06896283922011805
1504915798.9795918 -5.879998575101995 5.085573131181083 -61.57919065393397 0.9953342184297812 0.01732222832738839 0.06323819912235627 -0.07078604523713224
1504915799.1237338 -6.113431983347132 5.282958221568652 -62.6781731750854 0.9952814993147192 0.018672115084481827 0.06214631460115147 -0.07213823411765055
1504915799.2647948 -6.218869764896434 5.3289980143436795 -63.74456105822852 0.995380214278624 0.016829607841187238 0.05990824524281537 -0.0731163146943346
1504915799.3976038 -6.3185536963852975 5.4151119534252645 -64.88530132823956 0.9955161534752406 0.017479353557142946 0.05802771838093888 -0.07262812312451657
1504915799.5390189 -6.478900199235206 5.553573776245738 -66.01593873949247 0.9956506019851635 0.018735389833504774 0.0542126159159903 -0.07341564009061763
1504915799.679715 -6.727075411034275 5.731702483426262 -67.24513446714734 0.995677403518461 0.019321823847961078 0.0526999166255701 -0.0739992840072379
1504915799.8367069 -6.951765362285304 5.8943794484753855 -68.61268988299287 0.9956608700808838 0.019064054401934434 0.0513913309822308 -0.07519923350283673
1504915800.008833 -7.018657001311653 5.949472969331177 -69.66688502736264 0.9958784621196752 0.017353320256446644 0.04680519981444126 -0.07572466066321995
1504915800.1375778 -7.33425006021146 6.12155522822475 -70.72936802497475 0.9955582050536005 0.01841330878975935 0.050352073250413944 -0.07739172519884192
1504915800.2719028 -7.426716365062253 6.296739928701365 -71.8366586690859 0.9956227831729262 0.020742444899130193 0.04861622476073032 -0.07708104369181196
1504915800.406437 -7.717897244265406 6.4181253161314125 -72.91033001184302 0.9953528739026845 0.02122194799316631 0.05253625564638695 -0.07786030554590352
1504915800.5408149 -7.828534416708419 6.5540812372153825 -73.93160375867278 0.9953034300862852 0.02184654161078959 0.051708772614356385 -0.07886706228104236
1504915800.664692 -8.106625207205411 6.731836686670145 -74.97347244025632 0.9950165359875139 0.021967751253965963 0.05499721634392728 -0.08021731241243013
1504915800.7951818 -8.413347069749364 6.871603343392446 -75.9943746069755 0.9947319567486091 0.02156958491438172 0.05767649949166381 -0.0819543082216826
1504915800.9228368 -8.563679713053075 6.965920866723665 -76.98225116097794 0.9947550735493818 0.02067604685166065 0.05557581592443517 -0.08334370653317129
1504915801.0410159 -8.875328538754756 7.1333950908139805 -77.99466407328126 0.9943414080916657 0.020912361308582886 0.05917028726252556 -0.08571297687080409
1504915801.1664689 -9.044363542437706 7.266041639407797 -79.12060270196642 0.9943749081515919 0.019340626049507273 0.057178105029364365 -0.08703531770367202
1504915801.3004189 -9.212183252241768 7.3358120261274 -80.28812626120802 0.9942888419590943 0.017256806746988478 0.0576577825522474 -0.08813331655906324
1504915801.4387739 -9.551309621218234 7.478818302213984 -81.38227841803538 0.993872209029876 0.015385670119933442 0.062148865546507163 -0.09010456028591965
1504915801.5738018 -8.964854802390919 7.409985236321904 -82.18868358828128 0.9945588716276738 0.01247811946895874 0.05019537783533031 -0.09042881977100564
1504915801.689972 -9.033453978982537 7.50987437249688 -82.98725093650792 0.9946086004172986 0.013060707360670911 0.04902328348301125 -0.09044262034974193
1504915801.7832708 -9.134414625634058 7.569916964228893 -83.69437902664643 0.9945933922354968 0.014321641367930044 0.04791002995754408 -0.09101375577067898
1504915801.8655808 -9.323277803045059 7.6551218490976245 -84.51307664245735 0.9944452192912768 0.01596375329530869 0.04994541544310785 -0.09126510771191805
1504915801.961922 -9.323064952260227 7.679065981134467 -85.37089906061377 0.9946090699424016 0.017127502746856923 0.046362137792145534 -0.09115919491368607
1504915802.0595639 -9.485524157732641 7.739017591310519 -86.3019083016468 0.9944011700594364 0.01650198249884348 0.04601929021890069 -0.09368149489510891
1504915802.1678338 -9.636882798951856 7.825231426186115 -87.09057244668699 0.994137869356357 0.01656960726603172 0.047376417924604834 -0.09576439761877958
1504915802.2605898 -9.599564071063806 7.8882301666056005 -88.07905054840748 0.994244690059064 0.015202751966814558 0.04221815779185129 -0.09728309089793333
1504915802.3749268 -9.792579195920684 8.00775714663265 -89.05247105545465 0.9940947337363774 0.01503633175410965 0.04287755351620717 -0.09854483492019235
1504915802.490558 -10.732639183238412 8.244564636440773 -89.24148893677803 0.9929289971666567 0.019339266372824758 0.0662421150744034 -0.09659182963506713
1504915802.603983 -11.602416026008303 8.43498813578283 -89.36470134405825 0.9913869573711576 0.023045599752636564 0.08628568430044756 -0.09578925707617465
1504915802.7062469 -12.519502756440904 8.612645513587617 -89.54703959132652 0.9907672144033753 0.02530774497225477 0.09302562058100042 -0.09532092542205516
1504915802.8140829 -12.873300241140987 8.80904956554681 -90.63736115697252 0.9905734921336088 0.0259225665933758 0.09463057834800959 -0.09558886370787333
1504915802.9470258 -12.991520872696906 8.87461232484839 -91.69845072512149 0.9909791355404204 0.023288203062798433 0.09235381960013382 -0.09428035069374133
1504915803.071437 -13.036480294775735 8.930924544451763 -92.72691118399365 0.9915672316543266 0.02119700284598977 0.08655040447838074 -0.09409643810661987
1504915803.1914458 -13.19808970516108 9.00586481065557 -93.71504777927262 0.9916511172485368 0.020171206847292258 0.08550720583043471 -0.09439121688550425
1504915803.307031 -13.332786796898029 9.134593365121377 -94.72369687103637 0.9918094952084853 0.022470393243412705 0.08405237410143226 -0.09351045422673829
1504915803.423709 -13.32137596793508 9.177697402820115 -95.65967793107072 0.9921711980801557 0.022493951583149405 0.07924719527060668 -0.09386276090179657
1504915803.5298147 -13.423374614902418 9.260859432480036 -96.62837451634643 0.9923527854325677 0.022567913237690772 0.07632031466730109 -0.09434960575119823
1504915803.64092 -13.743841799373412 9.44099170396383 -97.70554681808827 0.9921301674699958 0.023349672772352007 0.07905069497929847 -0.09425238034487152
1504915803.7713838 -13.916133225354077 9.521787900842963 -98.77642947213594 0.9921044237362207 0.02147783797637668 0.07951448501835584 -0.09457780686371316
1504915803.8965478 -14.144029789186776 9.680652592336838 -99.79731345558122 0.9920259352202682 0.023000538095253747 0.08223539271431582 -0.09269767679292394
1504915804.0180538 -14.392617379004331 9.786522297653255 -100.73003186725536 0.991600234400272 0.023601695224268582 0.08673276830192425 -0.09300194633744605
1504915804.1292078 -14.61535378011087 9.978016395695379 -101.71256587024945 0.9917093995685059 0.024947407852243576 0.08530465489689651 -0.0928073784881932
1504915804.2461238 -14.864631805141986 10.098850587311356 -102.70546192423558 0.991590437787643 0.023114919849043736 0.08504810712809188 -0.09476773523944601
1504915804.3641508 -15.157548427587951 10.161887452445413 -103.78344014706768 0.991309915418525 0.020119464908144567 0.08817047051653029 -0.09552919372434086
1504915804.492678 -15.335792985152771 10.307570982233567 -104.7994841586849 0.9913761516347381 0.021199082152210814 0.08755458084914859 -0.09517415751207133
1504915804.6122088 -15.652731517030608 10.390741893565021 -105.56662392896357 0.9911073952635057 0.01974467356823494 0.09047888048413211 -0.09555025434824019
1504915804.7074358 -15.86969002376664 10.474210029359188 -106.2659857039098 0.9908073744075624 0.019410532711324865 0.09160608117173559 -0.09763351848527531
1504915804.7917237 -16.000299952523793 10.567986528866887 -106.92801873323339 0.9909138973111535 0.019835919184298636 0.08984831086870798 -0.09809926329884773
1504915804.869511 -16.225176671189352 10.676999740875562 -107.64090967074968 0.9906793668676381 0.020611231648644902 0.08854982918290193 -0.10143222833174151
1504915804.9558408 -16.443730418753123 10.808474015906233 -108.48755388752505 0.990595965408552 0.021328283459417712 0.08554355364635195 -0.10462809407864328
1504915805.0571268 -16.634196216791555 10.91066667972855 -109.50755449878896 0.990847714029646 0.0215992410960328 0.0823501103248244 -0.10475084589535179
1504915805.1764958 -16.755371699830917 10.998265960481074 -110.37542883864869 0.9910396835045194 0.02195729717446322 0.08001430159076293 -0.10467059931517941
1504915805.27768 -16.972422426319262 11.076039823259798 -111.23126293774074 0.9908525171477519 0.020354930308137176 0.08187635496016005 -0.1053243968535063
1504915805.379948 -17.060453693092466 11.152518228848542 -112.13945465746076 0.9907885230041144 0.020662003614604057 0.0803118294815842 -0.10705696771008877
1504915805.4856677 -17.356426764233483 11.240239293783311 -113.04495639535801 0.9901847186968685 0.019589377138349982 0.08359867777042906 -0.11028028036586175
1504915805.59579 -17.71921014820486 11.44718182984171 -114.016821670037 0.989635462115318 0.021138038657463804 0.08814781116690991 -0.11137683256405544
1504915805.7171707 -17.987493436614994 11.531270570475822 -115.32160645992172 0.9894112784967445 0.018816487396766838 0.08946286844721947 -0.1127282438197394
1504915805.8701088 -18.152017609272995 11.64830451661467 -116.29370302974941 0.989453565308077 0.01912143249555065 0.08812889585944035 -0.11335479977950372
1504915805.9839997 -18.41956353063107 11.77718053196442 -117.20631675454834 0.9889148170451886 0.01903521005566986 0.09048601910981106 -0.1161784220596873
1504915806.0943878 -18.635898261647334 11.921150076852427 -118.17900242894898 0.9890474176038584 0.018716152890966987 0.08832497720112922 -0.11676304961126673
1504915806.2101648 -18.96886697671965 12.043386264679311 -119.04622130259979 0.9886314698233362 0.01840555186578039 0.09202291863452651 -0.11747695510801931
1504915806.3179698 -19.1039523863713 12.164437553585486 -119.95438818019502 0.9888387458654709 0.019445873349437325 0.08879126344276264 -0.11805043083835078
1504915806.424574 -19.28589081088683 12.30090590165481 -120.8094537010051 0.9887187658101338 0.02059397372952117 0.08735364796523844 -0.11991843297875737
1504915806.5266087 -19.45266440620784 12.439434394762975 -121.66719544782478 0.9887683505373202 0.021707007971722002 0.0853349811345571 -0.1207638015938123
1504915806.6283388 -19.630252148665086 12.568588631424 -122.53232890077162 0.9883558690300113 0.022736136506963982 0.08604192456276143 -0.12342014206848965
1504915806.7309918 -20.24791093979528 12.808259244493307 -123.03010650872058 0.987606576460022 0.02422217849323802 0.09368086894767964 -0.12357358534560041
1504915806.8261468 -20.32709480826184 12.850082580565429 -123.63767129518531 0.9875693551846035 0.022326587147643247 0.09318825114036301 -0.12459631638217881
1504915806.89672 -19.898650160500683 12.729518048944485 -124.14753988565796 0.9881897823647452 0.01962246185862306 0.08682396428717909 -0.1247297568585186
1504915806.974599 -19.922100592047414 12.754037595689882 -124.84528536690287 0.9884510635416548 0.017918622474546342 0.08466862505530744 -0.1243971136451009
1504915807.0549579 -19.962960742721 12.775417330445384 -125.60507489694679 0.9885498090799484 0.016075921426408565 0.08241704824034662 -0.1253725244128073
1504915807.1425328 -20.385891006769878 13.017967292824185 -126.20708147491655 0.9878784088525643 0.01868446129124707 0.08827990637855872 -0.12630834635516655
1504915807.2317028 -20.58841959844994 13.11605978546552 -127.15510903588418 0.9881971677757265 0.018416186897205925 0.0874120224269682 -0.12444412398915886
1504915807.344117 -20.745150540720577 13.246809604307066 -128.14031056603224 0.9882028951196329 0.01927958441186211 0.08699498654186066 -0.12456005787838043
1504915807.4599297 -21.05239934540144 13.357135528263653 -129.1776638638004 0.9882112234644739 0.018734051884223443 0.08777798969713088 -0.12402676180397326
1504915807.585744 -21.294858318756518 13.449701755783101 -130.284028949286 0.9882765392348737 0.01733416916498305 0.08632875010217413 -0.12472511969567138
1504915807.7173698 -21.55259905875942 13.553960551518175 -131.42835495990028 0.988212988267218 0.016181056684672585 0.08607851788760434 -0.1255537812366412
1504915807.8542798 -21.78371891689923 13.69641227153455 -132.48789624918115 0.9881027025333278 0.016549858713600044 0.08514709553032089 -0.12700048639925227
1504915807.9816918 -21.986744894196168 13.816556037086336 -133.5106589705275 0.9877346833511681 0.0169741417057625 0.08686701504531001 -0.12863201590444281
1504915808.1042168 -21.974707027737132 13.892977685548422 -134.5596721591111 0.9880922665213597 0.017676791489329588 0.08193050827337853 -0.12902943732882496
1504915808.2272458 -22.258368783679018 14.09968350792765 -135.50706052115368 0.9875596223258641 0.018977194164321403 0.08610152125432662 -0.13020133060356792
1504915808.3458729 -22.53879717126135 14.236987347858685 -136.53037895832756 0.9873249836158086 0.01749081501734526 0.08803263522075498 -0.13089577248392922
1504915808.4720397 -22.654677382236137 14.364305107377975 -137.54601653881852 0.9874696801212857 0.017708322524691213 0.08626161843517763 -0.13095411157910966
1504915808.594148 -22.77149550777601 14.438316794725665 -138.59695569121365 0.9877370874407073 0.01735095818888051 0.0825671329269896 -0.13136612540642145
1504915808.7199588 -22.80266035457908 14.509309530949489 -139.6210288294575 0.9880708363980552 0.01786814913854306 0.07939893693683006 -0.13073851888144694
1504915808.8421369 -22.966204942324826 14.635837001389584 -140.66483369339335 0.9884396973994513 0.01742256409256868 0.07577847339800158 -0.1301577574898728
1504915808.9694967 -23.020144389741915 14.761188221092583 -141.57887560552518 0.9886674541460878 0.019036303819912462 0.07282362933364599 -0.1298884261966699
1504915809.0811617 -23.23767146795499 14.902020181053508 -142.4489492406008 0.9883950555080203 0.019751472356083957 0.07367945934839464 -0.13136373493927175
1504915809.192396 -23.237801449430528 14.917165466136991 -143.43896752610453 0.9887318893043661 0.01883868629865231 0.06917043084275837 -0.13141463566966102
1504915809.315888 -23.645133857031567 15.054177782412653 -144.3501345408078 0.9882545206655636 0.019339663184441136 0.07339389970205663 -0.13263602564355004
1504915809.442823 -23.813327949590832 15.130404491491785 -145.21661199271747 0.9881617373351981 0.018056208206476344 0.07426395434055724 -0.13302337876326054
1504915809.556542 -24.15553673896671 15.309046796763242 -145.9938170065364 0.9873370023974202 0.019681900847777455 0.07979749992419329 -0.13568576005515975
1504915809.6696267 -24.20423527287177 15.401275833541588 -146.84588176576648 0.9872997185885922 0.019616944534783062 0.07832659244077389 -0.13681880747406655
1504915809.7837768 -24.386257165741043 15.569757019861303 -147.5924180464685 0.9869755485249436 0.021612790202775428 0.07996617542562626 -0.13790418667081356
1504915809.8888159 -24.657883039088805 15.681976928658289 -148.36093321477506 0.9866393894694089 0.020453087413598754 0.0839678517109668 -0.13810787899946853
1504915809.9987288 -24.992177771705816 15.757857149593791 -149.14475113640458 0.9861474103913095 0.018540914366886114 0.0883861934747066 -0.13913087463251564
1504915810.1138139 -25.199959069087484 15.934833111079922 -149.99116734600517 0.9857904395657048 0.020597545912794606 0.08810780614408457 -0.14152725836284805
1504915810.2346768 -25.250335440264774 16.017893520377466 -150.80367644267614 0.9857833274231784 0.020881645106436215 0.08402903358742808 -0.14399413108353187
1504915810.3474479 -25.450733633712712 16.161281405699803 -151.50211329716893 0.9855626856365488 0.021722996279438328 0.08494252278885553 -0.1448415407808982
1504915810.4508748 -25.564716948217832 16.255316364801086 -152.1800013642743 0.985681732007142 0.02168143900145399 0.08274712601471125 -0.1453077820577259
1504915810.548936 -25.544314183388348 16.271017771596775 -152.91969745736895 0.9858184239519893 0.020801652160945316 0.07949385642677947 -0.14632174498205203
1504915810.6549969 -25.8782880372923 16.450846045675217 -153.69612685278773 0.9852412349769797 0.021095213128435597 0.08371193164477723 -0.1478073522677582
1504915810.7804089 -26.099013736401332 16.571975924855877 -154.54846673798113 0.9851082415510847 0.020646703917584695 0.08382683197003471 -0.14868936844085454
1504915810.9108977 -26.19855964729046 16.612643993651325 -155.47924989327853 0.9849335179867785 0.019194200444724842 0.08389094103016001 -0.14999952609442924
1504915811.0492258 -26.344493108281874 16.684270949724862 -156.43459539564694 0.9850707396001575 0.019721985976178844 0.08265749992051398 -0.14971445808487477
1504915811.195834 -26.379419562996176 16.794614598363143 -157.45625508723063 0.9853779055499806 0.02067978384284042 0.07829385117915602 -0.14990931479293218
1504915811.3594067 -26.50360379943298 16.860762576241797 -158.3106494579986 0.9851850959482698 0.019252205074572107 0.07964760889739711 -0.15065170997401767
1504915811.5043957 -26.538963614617742 16.879186220338337 -159.0695329668901 0.9856029650944312 0.017287220957285132 0.07726530812510708 -0.14939216629052168
1504915811.6376557 -26.830447798575324 17.038583066762225 -159.8203150585498 0.9850330799159666 0.01801083208259316 0.08236882451602798 -0.15033568487491136
1504915811.7886977 -26.87642057427146 17.062709721615636 -160.57512269808151 0.9853354044233553 0.015877448797825607 0.08027139295599789 -0.14972825679357374
1504915811.9343867 -27.172288205481227 17.230173317907713 -161.23759526870862 0.9847042101601958 0.016763926422260246 0.0843853673168211 -0.15151138256415778
1504915812.084421 -27.31512164031512 17.271555345780733 -161.9410607492097 0.9843472024839379 0.015120967491053922 0.0860480500965602 -0.153061015215381
1504915812.237964 -27.484683178656287 17.294848948465017 -162.72716782305662 0.9837051627449106 0.01326831842287296 0.08905325141258638 -0.15562012378895085
1504915812.4186387 -27.77203495754103 17.404956798470817 -163.3651451022107 0.9829463347474677 0.014093639402012024 0.09320672532451098 -0.1578935675992204
1504915812.5868669 -27.97410441254113 17.49472612387667 -164.08735982047082 0.9823409622923909 0.014044415960486814 0.09786854297485016 -0.1588418599701334
1504915812.7770598 -28.135165058953287 17.554960966405442 -164.8554372601417 0.9820495367940816 0.013005506857959226 0.09822093030488474 -0.16050611491137542
1504915812.9886599 -28.244298816071503 17.677373417436414 -165.55811456805012 0.9821971584983974 0.014268209141500184 0.09546973761089311 -0.16115424054637512
1504915813.1909719 -28.497204742969515 17.827735113753995 -166.21412058397775 0.9814444904974847 0.01584181966637739 0.10054943789593485 -0.1624978749418139
1504915813.4043288 -28.737748673038155 17.929984945062845 -166.77037336428788 0.9804619638313145 0.017306123959057607 0.10670555039143635 -0.1643434241739526
1504915813.6064239 -28.797065220949335 17.995534631879455 -167.32332539545948 0.9805998352223475 0.01762990425685295 0.10465972130251985 -0.16480137249028368
1504915813.8115487 -28.436285997227724 17.943985971219345 -167.61222722229002 0.9816249564126789 0.01712148115417875 0.08809005386728978 -0.1684026194587092
1504915813.9977129 -28.58331358521562 17.989947360310804 -168.0616582777336 0.9810539523074849 0.016824722817397216 0.09124060610554721 -0.17007416958926116
1504915814.2101767 -28.748973378190815 18.048773962704825 -168.59126306425574 0.9802947314382812 0.016922160050439564 0.09491630956003506 -0.17241454171003778
1504915814.4964879 -28.759546967819137 18.117976935641646 -169.19581681967063 0.9805474863570635 0.017780681110580846 0.09113794728570386 -0.17292873949300555
1504915814.8606617 -28.79953350517201 18.198125162723404 -169.8417044788226 0.980621921761711 0.018411256746685114 0.0892451635939416 -0.17342714020726505
1504915815.3398538 -28.79991353253101 18.240277374533722 -170.48705060789672 0.9810870114191168 0.01802456895259113 0.08627114076954541 -0.17233885577287503
1504915815.9283707 -28.95800056370171 18.327709256625646 -171.14099784010742 0.9809940259291152 0.016727657089800202 0.08547231650766393 -0.17339374178582573
1504915816.5640118 -29.020810602706053 18.412392910390167 -171.77586893694416 0.9812241354198489 0.017686949548761502 0.0825880186347527 -0.17339431093094979
1504915817.1672437 -29.051429755411135 18.436334227510002 -172.481977119509 0.9811120267484119 0.016237210926908264 0.08166233364266298 -0.17460471704675198
1504915817.747511 -29.1900211086423 18.493558569984128 -173.16529555206273 0.980674035870607 0.015926169235690932 0.08394643990613022 -0.1760050787046251
1504915818.192818 -28.643712352924123 18.707730715059178 -173.32491970385777 0.9805488087453604 0.043167564277931475 0.03960100884135968 -0.1873295362752895
1504915818.5247958 -28.68571389796539 18.792597291511477 -173.8535043500665 0.980521445077032 0.042140301579559586 0.038919260765859685 -0.18784882716768558
1504915818.7830777 -28.22871385131737 18.757811096541996 -174.14872920336768 0.9797997996997868 0.04214238229484421 0.028085544350410344 -0.19346207463303372
1504915819.0211418 -28.181741933750114 18.84507712733953 -174.81780210844272 0.9797568297225208 0.04181558702303781 0.026680202583455194 -0.19394890585951538
1504915819.2893767 -28.277884249206867 18.950380748863864 -175.581624426356 0.9793904067513165 0.04151556339108623 0.029334423922979292 -0.19547475727807342
