0.5079001806278802 0.8097398058707193 0.6272387462559426
0.24752022237865415 0.7547908222253493 0.3279322099451215
0.1817012982782252 0.7227379755446102 0.25140687832448055
0.606879471655927 0.8020746453530615 0.756637147392669
0.16196245842246446 0.7556696687491511 0.2143297066435901
0.17120639149360756 0.7508183626793837 0.22802637762166256
0.9037515401507376 0.6678830268515294 1.353158418190558
0.39404423335507754 0.5995840370419598 0.6571960042483614
0.13847860990840974 0.5901524253301189 0.2346488872445923
0.2243716183171136 0.5707142000177797 0.3931418182868477
0.14229782332862725 0.5239848618604535 0.2715685770451203
0.17984870243085635 0.531586907721492 0.33832417581864593
0.17632252045609062 0.5268813002555327 0.33465321386539204
0.21840759765330653 0.5036314280036986 0.43366554489864473
0.16857116811167985 0.5101851777950583 0.33041173175633687
0.2202065732980382 0.49806935981852524 0.44212029701700956
0.1555023495015581 0.5232745785799184 0.29717161098015893
0.14657538473983045 0.5262120584532116 0.27854812976100446
0.23114462441854616 0.5147708611387265 0.44902429773750263
0.1319351602128882 0.515656672903071 0.2558585336831049
0.1323037799796907 0.5779525996685001 0.22891804631656126
0.09308807729013836 0.6413271382057262 0.14514913176850064
0.08457471897340436 0.7146360230204198 0.1183465655928567
0.09383828437056681 0.7721960318812119 0.12152132424451786
0.2257676533182767 0.8030130958737964 0.28115064932111505
0.013410817437903878 1.0808940845567945 0.012407152217326451
0.2286168866378938 1.318360504689887 0.17340999356748063
0.4181841000613954 2.162036708403897 0.1934213690433202
1.400432000144373 2.5184413017939837 0.5560709313124713
0.7837118247119426 1.607011022246003 0.48768291807769015
0.26642032423841455 1.1587184394676264 0.22992671486338084
0.4169657615591919 1.0426760706212446 0.39989961725193945
1.6600164078764699 0.8302004253591018 1.9995369276743415
0.8863476595216557 0.8045575404149871 1.101658507935283
0.2011366127298703 0.8479360687629166 0.23720728500595037
0.13418405612009005 0.7507972306371075 0.17872209785087362
1.5054580970940434 0.7592930336209955 1.9827102718362348
1.9914837973420816 1.0116159536962255 1.968616439930224
1.8365629340368512 0.9384383116471661 1.9570417269231886
1.9777875045130464 1.042435803637413 1.8972751104786243
2.24664020872354 1.1761636159621809 1.91014258410437
2.725432717711577 1.3910733073137984 1.9592301163297166
2.6522415383916873 1.3960214583379325 1.899857285538704
3.026851954003102 1.5201980309178496 1.9910905634942708
0.4595032045488286 1.0852202025129505 0.42341932400889404
0.6267577721643859 0.9813644939293971 0.6386595154414433
0.4553625780110244 0.948025418090188 0.4803273934662632
0.11067236692365298 1.021312285019665 0.10836290578989954
0.29539716848545905 0.9228416210939169 0.32009519481284504
0.3909259588739698 1.4192519743303251 0.27544506961734433
3.0142243987350894 1.5269075455155228 1.9740713231706577
0.4626596356926499 1.5749381425920277 0.29376368708119943
0.5248118683513487 1.3780430201598148 0.3808385229442874
0.9145306143615531 1.2999502155377372 0.7035120294843358
1.8059057544331014 1.4464840280311864 1.248479567998497
2.73399102843827 1.5359124390307366 1.7800435486827628
1.276915974617838 1.0430243831822719 1.224243646847413
1.8592057025177842 0.9879834957165187 1.8818185835882066
1.6170283553578606 1.0005650523739968 1.6161151656468595
0.6065702476682164 1.2449901789081776 0.48720886151902176
1.6588087881400033 1.6871138900498142 0.9832227675459568
0.610727627475899 1.6702924430730708 0.3656411366815849
2.363223611814873 1.4976885431451443 1.5779139278531877
0.1965084326854929 1.2188817525688271 0.1612202596940564
0.337521371120458 0.8320331578848972 0.4056585581017799
0.10725674310453039 0.6623483978655849 0.1619340266394013
0.501456340260472 0.5746603175161755 0.872613481348235
0.09995391495445623 0.4902086186549455 0.20390077030614817
0.11511521199520926 0.40456455730576035 0.28454102050320706
0.6791262978926985 0.41311441880467115 1.6439181664433822
0.2090527751576963 0.38942340746641135 0.5368264237576104
0.08992346446481567 0.3797842852646171 0.2367751061689162
0.5599759721656373 0.37533140004253407 1.49195077230996
0.1468175400346922 0.3451350928625695 0.42539151500642663
0.09951062802781448 0.30571178079953043 0.32550472136717645
0.02765588818810331 0.2841664398652191 0.09732285135859313
0.13465365294283968 0.26855607228097483 0.5013986531719874
0.3435451969785845 0.2583973687772064 1.3295228144323468
0.033865299821134856 0.2429748982973977 0.13937777136008603
0.05611758252145017 0.23685986911407514 0.23692313405114282
0.06134937276330795 0.23061841518100362 0.26602113588872406
0.12080678611824834 0.22853950591555572 0.5286035148902697
0.02091891947899941 0.2286957216403882 0.09147053267526051
0.0973777141572785 0.22248179320728195 0.4376884631928222
0.35947027798296266 0.22493986851267533 1.59807276655675
0.3587774802487414 0.2293490322206955 1.5643296018075232
0.10439332477937235 0.2243116204203253 0.46539418949297146
0.32833384006947797 0.2185229579847707 1.5025141664628217
0.07296639453699226 0.2218286569739744 0.3289313271438726
0.20386162303250963 0.21859215341275692 0.9326118062781862
0.03794025437846088 0.23192080906546478 0.1635914195511081
0.13964260203717843 0.2396505948026338 0.5826924909248911
0.3822484224837098 0.24534811009842677 1.5579839695132052
0.1445740004980659 0.25420735892728863 0.5687246864455197
0.39367675516019485 0.25936645342762327 1.5178399132100988
0.39605506146820174 0.2605745838796804 1.5199297474502695
0.3299728702627183 0.24969612273694455 1.321497773557123
0.2936621815677717 0.22038608660552156 1.332489659809651
0.22334215461034368 0.23434336387780416 0.9530551704754185
0.005769678005610203 0.25456054483602303 0.022665248494525267
0.29695927104875125 0.22281451028452873 1.3327645074350924
